v -1 -2 -3 -4 -5 -6 -7 -8 -9 -10
v -11 0
v -1 -2 -3 -4 -5 -6 -7 -8 -9 -10
v 11 0
v -1 -2 -3 -4 -5 -6 -7 -8 -9 10
v -11 0
v -1 -2 -3 -4 -5 -6 -7 -8 -9 10
v 11 0
v -1 -2 -3 -4 -5 -6 -7 -8 9 -10
v -11 0
v -1 -2 -3 -4 -5 -6 -7 -8 9 -10
v 11 0
v -1 -2 -3 -4 -5 -6 -7 -8 9 10
v -11 0
v -1 -2 -3 -4 -5 -6 -7 -8 9 10
v 11 0
v -1 -2 -3 -4 -5 -6 -7 8 -9 -10
v -11 0
v -1 -2 -3 -4 -5 -6 -7 8 -9 -10
v 11 0
v -1 -2 -3 -4 -5 -6 -7 8 -9 10
v -11 0
v -1 -2 -3 -4 -5 -6 -7 8 -9 10
v 11 0
v -1 -2 -3 -4 -5 -6 -7 8 9 -10
v -11 0
v -1 -2 -3 -4 -5 -6 -7 8 9 -10
v 11 0
v -1 -2 -3 -4 -5 -6 -7 8 9 10
v -11 0
v -1 -2 -3 -4 -5 -6 -7 8 9 10
v 11 0
v -1 -2 -3 -4 -5 -6 7 -8 -9 -10
v -11 0
v -1 -2 -3 -4 -5 -6 7 -8 -9 -10
v 11 0
v -1 -2 -3 -4 -5 -6 7 -8 -9 10
v -11 0
v -1 -2 -3 -4 -5 -6 7 -8 -9 10
v 11 0
v -1 -2 -3 -4 -5 -6 7 -8 9 -10
v -11 0
v -1 -2 -3 -4 -5 -6 7 -8 9 -10
v 11 0
v -1 -2 -3 -4 -5 -6 7 -8 9 10
v -11 0
v -1 -2 -3 -4 -5 -6 7 -8 9 10
v 11 0
v -1 -2 -3 -4 -5 -6 7 8 -9 -10
v -11 0
v -1 -2 -3 -4 -5 -6 7 8 -9 -10
v 11 0
v -1 -2 -3 -4 -5 -6 7 8 -9 10
v -11 0
v -1 -2 -3 -4 -5 -6 7 8 -9 10
v 11 0
v -1 -2 -3 -4 -5 -6 7 8 9 -10
v -11 0
v -1 -2 -3 -4 -5 -6 7 8 9 -10
v 11 0
v -1 -2 -3 -4 -5 -6 7 8 9 10
v -11 0
v -1 -2 -3 -4 -5 -6 7 8 9 10
v 11 0
v -1 -2 -3 -4 -5 6 -7 -8 -9 -10
v -11 0
v -1 -2 -3 -4 -5 6 -7 -8 -9 -10
v 11 0
v -1 -2 -3 -4 -5 6 -7 -8 -9 10
v -11 0
v -1 -2 -3 -4 -5 6 -7 -8 -9 10
v 11 0
v -1 -2 -3 -4 -5 6 -7 -8 9 -10
v -11 0
v -1 -2 -3 -4 -5 6 -7 -8 9 -10
v 11 0
v -1 -2 -3 -4 -5 6 -7 -8 9 10
v -11 0
v -1 -2 -3 -4 -5 6 -7 -8 9 10
v 11 0
v -1 -2 -3 -4 -5 6 -7 8 -9 -10
v -11 0
v -1 -2 -3 -4 -5 6 -7 8 -9 -10
v 11 0
v -1 -2 -3 -4 -5 6 -7 8 -9 10
v -11 0
v -1 -2 -3 -4 -5 6 -7 8 -9 10
v 11 0
v -1 -2 -3 -4 -5 6 -7 8 9 -10
v -11 0
v -1 -2 -3 -4 -5 6 -7 8 9 -10
v 11 0
v -1 -2 -3 -4 -5 6 -7 8 9 10
v -11 0
v -1 -2 -3 -4 -5 6 -7 8 9 10
v 11 0
v -1 -2 -3 -4 -5 6 7 -8 -9 -10
v -11 0
v -1 -2 -3 -4 -5 6 7 -8 -9 -10
v 11 0
v -1 -2 -3 -4 -5 6 7 -8 -9 10
v -11 0
v -1 -2 -3 -4 -5 6 7 -8 -9 10
v 11 0
v -1 -2 -3 -4 -5 6 7 -8 9 -10
v -11 0
v -1 -2 -3 -4 -5 6 7 -8 9 -10
v 11 0
v -1 -2 -3 -4 -5 6 7 -8 9 10
v -11 0
v -1 -2 -3 -4 -5 6 7 -8 9 10
v 11 0
v -1 -2 -3 -4 -5 6 7 8 -9 -10
v -11 0
v -1 -2 -3 -4 -5 6 7 8 -9 -10
v 11 0
v -1 -2 -3 -4 -5 6 7 8 -9 10
v -11 0
v -1 -2 -3 -4 -5 6 7 8 -9 10
v 11 0
v -1 -2 -3 -4 -5 6 7 8 9 -10
v -11 0
v -1 -2 -3 -4 -5 6 7 8 9 -10
v 11 0
v -1 -2 -3 -4 -5 6 7 8 9 10
v -11 0
v -1 -2 -3 -4 -5 6 7 8 9 10
v 11 0
v -1 -2 -3 -4 5 -6 -7 -8 -9 -10
v -11 0
v -1 -2 -3 -4 5 -6 -7 -8 -9 -10
v 11 0
v -1 -2 -3 -4 5 -6 -7 -8 -9 10
v -11 0
v -1 -2 -3 -4 5 -6 -7 -8 -9 10
v 11 0
v -1 -2 -3 -4 5 -6 -7 -8 9 -10
v -11 0
v -1 -2 -3 -4 5 -6 -7 -8 9 -10
v 11 0
v -1 -2 -3 -4 5 -6 -7 -8 9 10
v -11 0
v -1 -2 -3 -4 5 -6 -7 -8 9 10
v 11 0
v -1 -2 -3 -4 5 -6 -7 8 -9 -10
v -11 0
v -1 -2 -3 -4 5 -6 -7 8 -9 -10
v 11 0
v -1 -2 -3 -4 5 -6 -7 8 -9 10
v -11 0
v -1 -2 -3 -4 5 -6 -7 8 -9 10
v 11 0
v -1 -2 -3 -4 5 -6 -7 8 9 -10
v -11 0
v -1 -2 -3 -4 5 -6 -7 8 9 -10
v 11 0
v -1 -2 -3 -4 5 -6 -7 8 9 10
v -11 0
v -1 -2 -3 -4 5 -6 -7 8 9 10
v 11 0
v -1 -2 -3 -4 5 -6 7 -8 -9 -10
v -11 0
v -1 -2 -3 -4 5 -6 7 -8 -9 -10
v 11 0
v -1 -2 -3 -4 5 -6 7 -8 -9 10
v -11 0
v -1 -2 -3 -4 5 -6 7 -8 -9 10
v 11 0
v -1 -2 -3 -4 5 -6 7 -8 9 -10
v -11 0
v -1 -2 -3 -4 5 -6 7 -8 9 -10
v 11 0
v -1 -2 -3 -4 5 -6 7 -8 9 10
v -11 0
v -1 -2 -3 -4 5 -6 7 -8 9 10
v 11 0
v -1 -2 -3 -4 5 -6 7 8 -9 -10
v -11 0
v -1 -2 -3 -4 5 -6 7 8 -9 -10
v 11 0
v -1 -2 -3 -4 5 -6 7 8 -9 10
v -11 0
v -1 -2 -3 -4 5 -6 7 8 -9 10
v 11 0
v -1 -2 -3 -4 5 -6 7 8 9 -10
v -11 0
v -1 -2 -3 -4 5 -6 7 8 9 -10
v 11 0
v -1 -2 -3 -4 5 -6 7 8 9 10
v -11 0
v -1 -2 -3 -4 5 -6 7 8 9 10
v 11 0
v -1 -2 -3 -4 5 6 -7 -8 -9 -10
v -11 0
v -1 -2 -3 -4 5 6 -7 -8 -9 -10
v 11 0
v -1 -2 -3 -4 5 6 -7 -8 -9 10
v -11 0
v -1 -2 -3 -4 5 6 -7 -8 -9 10
v 11 0
v -1 -2 -3 -4 5 6 -7 -8 9 -10
v -11 0
v -1 -2 -3 -4 5 6 -7 -8 9 -10
v 11 0
v -1 -2 -3 -4 5 6 -7 -8 9 10
v -11 0
v -1 -2 -3 -4 5 6 -7 -8 9 10
v 11 0
v -1 -2 -3 -4 5 6 -7 8 -9 -10
v -11 0
v -1 -2 -3 -4 5 6 -7 8 -9 -10
v 11 0
v -1 -2 -3 -4 5 6 -7 8 -9 10
v -11 0
v -1 -2 -3 -4 5 6 -7 8 -9 10
v 11 0
v -1 -2 -3 -4 5 6 -7 8 9 -10
v -11 0
v -1 -2 -3 -4 5 6 -7 8 9 -10
v 11 0
v -1 -2 -3 -4 5 6 -7 8 9 10
v -11 0
v -1 -2 -3 -4 5 6 -7 8 9 10
v 11 0
v -1 -2 -3 -4 5 6 7 -8 -9 -10
v -11 0
v -1 -2 -3 -4 5 6 7 -8 -9 -10
v 11 0
v -1 -2 -3 -4 5 6 7 -8 -9 10
v -11 0
v -1 -2 -3 -4 5 6 7 -8 -9 10
v 11 0
v -1 -2 -3 -4 5 6 7 -8 9 -10
v -11 0
v -1 -2 -3 -4 5 6 7 -8 9 -10
v 11 0
v -1 -2 -3 -4 5 6 7 -8 9 10
v -11 0
v -1 -2 -3 -4 5 6 7 -8 9 10
v 11 0
v -1 -2 -3 -4 5 6 7 8 -9 -10
v -11 0
v -1 -2 -3 -4 5 6 7 8 -9 -10
v 11 0
v -1 -2 -3 -4 5 6 7 8 -9 10
v -11 0
v -1 -2 -3 -4 5 6 7 8 -9 10
v 11 0
v -1 -2 -3 -4 5 6 7 8 9 -10
v -11 0
v -1 -2 -3 -4 5 6 7 8 9 -10
v 11 0
v -1 -2 -3 -4 5 6 7 8 9 10
v -11 0
v -1 -2 -3 -4 5 6 7 8 9 10
v 11 0
v -1 -2 -3 4 -5 -6 -7 -8 -9 -10
v -11 0
v -1 -2 -3 4 -5 -6 -7 -8 -9 -10
v 11 0
v -1 -2 -3 4 -5 -6 -7 -8 -9 10
v -11 0
v -1 -2 -3 4 -5 -6 -7 -8 -9 10
v 11 0
v -1 -2 -3 4 -5 -6 -7 -8 9 -10
v -11 0
v -1 -2 -3 4 -5 -6 -7 -8 9 -10
v 11 0
v -1 -2 -3 4 -5 -6 -7 -8 9 10
v -11 0
v -1 -2 -3 4 -5 -6 -7 -8 9 10
v 11 0
v -1 -2 -3 4 -5 -6 -7 8 -9 -10
v -11 0
v -1 -2 -3 4 -5 -6 -7 8 -9 -10
v 11 0
v -1 -2 -3 4 -5 -6 -7 8 -9 10
v -11 0
v -1 -2 -3 4 -5 -6 -7 8 -9 10
v 11 0
v -1 -2 -3 4 -5 -6 -7 8 9 -10
v -11 0
v -1 -2 -3 4 -5 -6 -7 8 9 -10
v 11 0
v -1 -2 -3 4 -5 -6 -7 8 9 10
v -11 0
v -1 -2 -3 4 -5 -6 -7 8 9 10
v 11 0
v -1 -2 -3 4 -5 -6 7 -8 -9 -10
v -11 0
v -1 -2 -3 4 -5 -6 7 -8 -9 -10
v 11 0
v -1 -2 -3 4 -5 -6 7 -8 -9 10
v -11 0
v -1 -2 -3 4 -5 -6 7 -8 -9 10
v 11 0
v -1 -2 -3 4 -5 -6 7 -8 9 -10
v -11 0
v -1 -2 -3 4 -5 -6 7 -8 9 -10
v 11 0
v -1 -2 -3 4 -5 -6 7 -8 9 10
v -11 0
v -1 -2 -3 4 -5 -6 7 -8 9 10
v 11 0
v -1 -2 -3 4 -5 -6 7 8 -9 -10
v -11 0
v -1 -2 -3 4 -5 -6 7 8 -9 -10
v 11 0
v -1 -2 -3 4 -5 -6 7 8 -9 10
v -11 0
v -1 -2 -3 4 -5 -6 7 8 -9 10
v 11 0
v -1 -2 -3 4 -5 -6 7 8 9 -10
v -11 0
v -1 -2 -3 4 -5 -6 7 8 9 -10
v 11 0
v -1 -2 -3 4 -5 -6 7 8 9 10
v -11 0
v -1 -2 -3 4 -5 -6 7 8 9 10
v 11 0
v -1 -2 -3 4 -5 6 -7 -8 -9 -10
v -11 0
v -1 -2 -3 4 -5 6 -7 -8 -9 -10
v 11 0
v -1 -2 -3 4 -5 6 -7 -8 -9 10
v -11 0
v -1 -2 -3 4 -5 6 -7 -8 -9 10
v 11 0
v -1 -2 -3 4 -5 6 -7 -8 9 -10
v -11 0
v -1 -2 -3 4 -5 6 -7 -8 9 -10
v 11 0
v -1 -2 -3 4 -5 6 -7 -8 9 10
v -11 0
v -1 -2 -3 4 -5 6 -7 -8 9 10
v 11 0
v -1 -2 -3 4 -5 6 -7 8 -9 -10
v -11 0
v -1 -2 -3 4 -5 6 -7 8 -9 -10
v 11 0
v -1 -2 -3 4 -5 6 -7 8 -9 10
v -11 0
v -1 -2 -3 4 -5 6 -7 8 -9 10
v 11 0
v -1 -2 -3 4 -5 6 -7 8 9 -10
v -11 0
v -1 -2 -3 4 -5 6 -7 8 9 -10
v 11 0
v -1 -2 -3 4 -5 6 -7 8 9 10
v -11 0
v -1 -2 -3 4 -5 6 -7 8 9 10
v 11 0
v -1 -2 -3 4 -5 6 7 -8 -9 -10
v -11 0
v -1 -2 -3 4 -5 6 7 -8 -9 -10
v 11 0
v -1 -2 -3 4 -5 6 7 -8 -9 10
v -11 0
v -1 -2 -3 4 -5 6 7 -8 -9 10
v 11 0
v -1 -2 -3 4 -5 6 7 -8 9 -10
v -11 0
v -1 -2 -3 4 -5 6 7 -8 9 -10
v 11 0
v -1 -2 -3 4 -5 6 7 -8 9 10
v -11 0
v -1 -2 -3 4 -5 6 7 -8 9 10
v 11 0
v -1 -2 -3 4 -5 6 7 8 -9 -10
v -11 0
v -1 -2 -3 4 -5 6 7 8 -9 -10
v 11 0
v -1 -2 -3 4 -5 6 7 8 -9 10
v -11 0
v -1 -2 -3 4 -5 6 7 8 -9 10
v 11 0
v -1 -2 -3 4 -5 6 7 8 9 -10
v -11 0
v -1 -2 -3 4 -5 6 7 8 9 -10
v 11 0
v -1 -2 -3 4 -5 6 7 8 9 10
v -11 0
v -1 -2 -3 4 -5 6 7 8 9 10
v 11 0
v -1 -2 -3 4 5 -6 -7 -8 -9 -10
v -11 0
v -1 -2 -3 4 5 -6 -7 -8 -9 -10
v 11 0
v -1 -2 -3 4 5 -6 -7 -8 -9 10
v -11 0
v -1 -2 -3 4 5 -6 -7 -8 -9 10
v 11 0
v -1 -2 -3 4 5 -6 -7 -8 9 -10
v -11 0
v -1 -2 -3 4 5 -6 -7 -8 9 -10
v 11 0
v -1 -2 -3 4 5 -6 -7 -8 9 10
v -11 0
v -1 -2 -3 4 5 -6 -7 -8 9 10
v 11 0
v -1 -2 -3 4 5 -6 -7 8 -9 -10
v -11 0
v -1 -2 -3 4 5 -6 -7 8 -9 -10
v 11 0
v -1 -2 -3 4 5 -6 -7 8 -9 10
v -11 0
v -1 -2 -3 4 5 -6 -7 8 -9 10
v 11 0
v -1 -2 -3 4 5 -6 -7 8 9 -10
v -11 0
v -1 -2 -3 4 5 -6 -7 8 9 -10
v 11 0
v -1 -2 -3 4 5 -6 -7 8 9 10
v -11 0
v -1 -2 -3 4 5 -6 -7 8 9 10
v 11 0
v -1 -2 -3 4 5 -6 7 -8 -9 -10
v -11 0
v -1 -2 -3 4 5 -6 7 -8 -9 -10
v 11 0
v -1 -2 -3 4 5 -6 7 -8 -9 10
v -11 0
v -1 -2 -3 4 5 -6 7 -8 -9 10
v 11 0
v -1 -2 -3 4 5 -6 7 -8 9 -10
v -11 0
v -1 -2 -3 4 5 -6 7 -8 9 -10
v 11 0
v -1 -2 -3 4 5 -6 7 -8 9 10
v -11 0
v -1 -2 -3 4 5 -6 7 -8 9 10
v 11 0
v -1 -2 -3 4 5 -6 7 8 -9 -10
v -11 0
v -1 -2 -3 4 5 -6 7 8 -9 -10
v 11 0
v -1 -2 -3 4 5 -6 7 8 -9 10
v -11 0
v -1 -2 -3 4 5 -6 7 8 -9 10
v 11 0
v -1 -2 -3 4 5 -6 7 8 9 -10
v -11 0
v -1 -2 -3 4 5 -6 7 8 9 -10
v 11 0
v -1 -2 -3 4 5 -6 7 8 9 10
v -11 0
v -1 -2 -3 4 5 -6 7 8 9 10
v 11 0
v -1 -2 -3 4 5 6 -7 -8 -9 -10
v -11 0
v -1 -2 -3 4 5 6 -7 -8 -9 -10
v 11 0
v -1 -2 -3 4 5 6 -7 -8 -9 10
v -11 0
v -1 -2 -3 4 5 6 -7 -8 -9 10
v 11 0
v -1 -2 -3 4 5 6 -7 -8 9 -10
v -11 0
v -1 -2 -3 4 5 6 -7 -8 9 -10
v 11 0
v -1 -2 -3 4 5 6 -7 -8 9 10
v -11 0
v -1 -2 -3 4 5 6 -7 -8 9 10
v 11 0
v -1 -2 -3 4 5 6 -7 8 -9 -10
v -11 0
v -1 -2 -3 4 5 6 -7 8 -9 -10
v 11 0
v -1 -2 -3 4 5 6 -7 8 -9 10
v -11 0
v -1 -2 -3 4 5 6 -7 8 -9 10
v 11 0
v -1 -2 -3 4 5 6 -7 8 9 -10
v -11 0
v -1 -2 -3 4 5 6 -7 8 9 -10
v 11 0
v -1 -2 -3 4 5 6 -7 8 9 10
v -11 0
v -1 -2 -3 4 5 6 -7 8 9 10
v 11 0
v -1 -2 -3 4 5 6 7 -8 -9 -10
v -11 0
v -1 -2 -3 4 5 6 7 -8 -9 -10
v 11 0
v -1 -2 -3 4 5 6 7 -8 -9 10
v -11 0
v -1 -2 -3 4 5 6 7 -8 -9 10
v 11 0
v -1 -2 -3 4 5 6 7 -8 9 -10
v -11 0
v -1 -2 -3 4 5 6 7 -8 9 -10
v 11 0
v -1 -2 -3 4 5 6 7 -8 9 10
v -11 0
v -1 -2 -3 4 5 6 7 -8 9 10
v 11 0
v -1 -2 -3 4 5 6 7 8 -9 -10
v -11 0
v -1 -2 -3 4 5 6 7 8 -9 -10
v 11 0
v -1 -2 -3 4 5 6 7 8 -9 10
v -11 0
v -1 -2 -3 4 5 6 7 8 -9 10
v 11 0
v -1 -2 -3 4 5 6 7 8 9 -10
v -11 0
v -1 -2 -3 4 5 6 7 8 9 -10
v 11 0
v -1 -2 -3 4 5 6 7 8 9 10
v -11 0
v -1 -2 -3 4 5 6 7 8 9 10
v 11 0
v -1 -2 3 -4 -5 -6 -7 -8 -9 -10
v 11 0
v -1 -2 3 -4 -5 -6 -7 -8 -9 10
v -11 0
v -1 -2 3 -4 -5 -6 -7 -8 -9 10
v 11 0
v -1 -2 3 -4 -5 -6 -7 -8 9 -10
v -11 0
v -1 -2 3 -4 -5 -6 -7 -8 9 -10
v 11 0
v -1 -2 3 -4 -5 -6 -7 -8 9 10
v -11 0
v -1 -2 3 -4 -5 -6 -7 -8 9 10
v 11 0
v -1 -2 3 -4 -5 -6 -7 8 -9 -10
v -11 0
v -1 -2 3 -4 -5 -6 -7 8 -9 -10
v 11 0
v -1 -2 3 -4 -5 -6 -7 8 -9 10
v -11 0
v -1 -2 3 -4 -5 -6 -7 8 -9 10
v 11 0
v -1 -2 3 -4 -5 -6 -7 8 9 -10
v -11 0
v -1 -2 3 -4 -5 -6 -7 8 9 -10
v 11 0
v -1 -2 3 -4 -5 -6 -7 8 9 10
v -11 0
v -1 -2 3 -4 -5 -6 -7 8 9 10
v 11 0
v -1 -2 3 -4 -5 -6 7 -8 -9 -10
v -11 0
v -1 -2 3 -4 -5 -6 7 -8 -9 -10
v 11 0
v -1 -2 3 -4 -5 -6 7 -8 -9 10
v -11 0
v -1 -2 3 -4 -5 -6 7 -8 -9 10
v 11 0
v -1 -2 3 -4 -5 -6 7 -8 9 -10
v -11 0
v -1 -2 3 -4 -5 -6 7 -8 9 -10
v 11 0
v -1 -2 3 -4 -5 -6 7 -8 9 10
v -11 0
v -1 -2 3 -4 -5 -6 7 -8 9 10
v 11 0
v -1 -2 3 -4 -5 -6 7 8 -9 -10
v -11 0
v -1 -2 3 -4 -5 -6 7 8 -9 -10
v 11 0
v -1 -2 3 -4 -5 -6 7 8 -9 10
v -11 0
v -1 -2 3 -4 -5 -6 7 8 -9 10
v 11 0
v -1 -2 3 -4 -5 -6 7 8 9 -10
v -11 0
v -1 -2 3 -4 -5 -6 7 8 9 -10
v 11 0
v -1 -2 3 -4 -5 -6 7 8 9 10
v -11 0
v -1 -2 3 -4 -5 -6 7 8 9 10
v 11 0
v -1 -2 3 -4 -5 6 -7 -8 -9 -10
v -11 0
v -1 -2 3 -4 -5 6 -7 -8 -9 -10
v 11 0
v -1 -2 3 -4 -5 6 -7 -8 -9 10
v -11 0
v -1 -2 3 -4 -5 6 -7 -8 -9 10
v 11 0
v -1 -2 3 -4 -5 6 -7 -8 9 -10
v -11 0
v -1 -2 3 -4 -5 6 -7 -8 9 -10
v 11 0
v -1 -2 3 -4 -5 6 -7 -8 9 10
v -11 0
v -1 -2 3 -4 -5 6 -7 -8 9 10
v 11 0
v -1 -2 3 -4 -5 6 -7 8 -9 -10
v -11 0
v -1 -2 3 -4 -5 6 -7 8 -9 -10
v 11 0
v -1 -2 3 -4 -5 6 -7 8 -9 10
v -11 0
v -1 -2 3 -4 -5 6 -7 8 -9 10
v 11 0
v -1 -2 3 -4 -5 6 -7 8 9 -10
v -11 0
v -1 -2 3 -4 -5 6 -7 8 9 -10
v 11 0
v -1 -2 3 -4 -5 6 -7 8 9 10
v -11 0
v -1 -2 3 -4 -5 6 -7 8 9 10
v 11 0
v -1 -2 3 -4 -5 6 7 -8 -9 -10
v -11 0
v -1 -2 3 -4 -5 6 7 -8 -9 -10
v 11 0
v -1 -2 3 -4 -5 6 7 -8 -9 10
v -11 0
v -1 -2 3 -4 -5 6 7 -8 -9 10
v 11 0
v -1 -2 3 -4 -5 6 7 -8 9 -10
v -11 0
v -1 -2 3 -4 -5 6 7 -8 9 -10
v 11 0
v -1 -2 3 -4 -5 6 7 -8 9 10
v -11 0
v -1 -2 3 -4 -5 6 7 -8 9 10
v 11 0
v -1 -2 3 -4 -5 6 7 8 -9 -10
v -11 0
v -1 -2 3 -4 -5 6 7 8 -9 -10
v 11 0
v -1 -2 3 -4 -5 6 7 8 -9 10
v -11 0
v -1 -2 3 -4 -5 6 7 8 -9 10
v 11 0
v -1 -2 3 -4 -5 6 7 8 9 -10
v -11 0
v -1 -2 3 -4 -5 6 7 8 9 -10
v 11 0
v -1 -2 3 -4 -5 6 7 8 9 10
v -11 0
v -1 -2 3 -4 -5 6 7 8 9 10
v 11 0
v -1 -2 3 -4 5 -6 -7 -8 -9 -10
v -11 0
v -1 -2 3 -4 5 -6 -7 -8 -9 -10
v 11 0
v -1 -2 3 -4 5 -6 -7 -8 -9 10
v -11 0
v -1 -2 3 -4 5 -6 -7 -8 -9 10
v 11 0
v -1 -2 3 -4 5 -6 -7 -8 9 -10
v -11 0
v -1 -2 3 -4 5 -6 -7 -8 9 -10
v 11 0
v -1 -2 3 -4 5 -6 -7 -8 9 10
v -11 0
v -1 -2 3 -4 5 -6 -7 -8 9 10
v 11 0
v -1 -2 3 -4 5 -6 -7 8 -9 -10
v -11 0
v -1 -2 3 -4 5 -6 -7 8 -9 -10
v 11 0
v -1 -2 3 -4 5 -6 -7 8 -9 10
v -11 0
v -1 -2 3 -4 5 -6 -7 8 -9 10
v 11 0
v -1 -2 3 -4 5 -6 -7 8 9 -10
v -11 0
v -1 -2 3 -4 5 -6 -7 8 9 -10
v 11 0
v -1 -2 3 -4 5 -6 -7 8 9 10
v -11 0
v -1 -2 3 -4 5 -6 -7 8 9 10
v 11 0
v -1 -2 3 -4 5 -6 7 -8 -9 -10
v -11 0
v -1 -2 3 -4 5 -6 7 -8 -9 -10
v 11 0
v -1 -2 3 -4 5 -6 7 -8 -9 10
v -11 0
v -1 -2 3 -4 5 -6 7 -8 -9 10
v 11 0
v -1 -2 3 -4 5 -6 7 -8 9 -10
v -11 0
v -1 -2 3 -4 5 -6 7 -8 9 -10
v 11 0
v -1 -2 3 -4 5 -6 7 -8 9 10
v -11 0
v -1 -2 3 -4 5 -6 7 -8 9 10
v 11 0
v -1 -2 3 -4 5 -6 7 8 -9 -10
v -11 0
v -1 -2 3 -4 5 -6 7 8 -9 -10
v 11 0
v -1 -2 3 -4 5 -6 7 8 -9 10
v -11 0
v -1 -2 3 -4 5 -6 7 8 -9 10
v 11 0
v -1 -2 3 -4 5 -6 7 8 9 -10
v -11 0
v -1 -2 3 -4 5 -6 7 8 9 -10
v 11 0
v -1 -2 3 -4 5 -6 7 8 9 10
v -11 0
v -1 -2 3 -4 5 -6 7 8 9 10
v 11 0
v -1 -2 3 -4 5 6 -7 -8 -9 -10
v -11 0
v -1 -2 3 -4 5 6 -7 -8 -9 -10
v 11 0
v -1 -2 3 -4 5 6 -7 -8 -9 10
v -11 0
v -1 -2 3 -4 5 6 -7 -8 -9 10
v 11 0
v -1 -2 3 -4 5 6 -7 -8 9 -10
v -11 0
v -1 -2 3 -4 5 6 -7 -8 9 -10
v 11 0
v -1 -2 3 -4 5 6 -7 -8 9 10
v -11 0
v -1 -2 3 -4 5 6 -7 -8 9 10
v 11 0
v -1 -2 3 -4 5 6 -7 8 -9 -10
v -11 0
v -1 -2 3 -4 5 6 -7 8 -9 -10
v 11 0
v -1 -2 3 -4 5 6 -7 8 -9 10
v -11 0
v -1 -2 3 -4 5 6 -7 8 -9 10
v 11 0
v -1 -2 3 -4 5 6 -7 8 9 -10
v -11 0
v -1 -2 3 -4 5 6 -7 8 9 -10
v 11 0
v -1 -2 3 -4 5 6 -7 8 9 10
v -11 0
v -1 -2 3 -4 5 6 -7 8 9 10
v 11 0
v -1 -2 3 -4 5 6 7 -8 -9 -10
v -11 0
v -1 -2 3 -4 5 6 7 -8 -9 -10
v 11 0
v -1 -2 3 -4 5 6 7 -8 -9 10
v -11 0
v -1 -2 3 -4 5 6 7 -8 -9 10
v 11 0
v -1 -2 3 -4 5 6 7 -8 9 -10
v -11 0
v -1 -2 3 -4 5 6 7 -8 9 -10
v 11 0
v -1 -2 3 -4 5 6 7 -8 9 10
v -11 0
v -1 -2 3 -4 5 6 7 -8 9 10
v 11 0
v -1 -2 3 -4 5 6 7 8 -9 -10
v -11 0
v -1 -2 3 -4 5 6 7 8 -9 -10
v 11 0
v -1 -2 3 -4 5 6 7 8 -9 10
v -11 0
v -1 -2 3 -4 5 6 7 8 -9 10
v 11 0
v -1 -2 3 -4 5 6 7 8 9 -10
v -11 0
v -1 -2 3 -4 5 6 7 8 9 -10
v 11 0
v -1 -2 3 -4 5 6 7 8 9 10
v -11 0
v -1 -2 3 -4 5 6 7 8 9 10
v 11 0
v -1 -2 3 4 -5 -6 -7 -8 -9 -10
v -11 0
v -1 -2 3 4 -5 -6 -7 -8 -9 -10
v 11 0
v -1 -2 3 4 -5 -6 -7 -8 -9 10
v -11 0
v -1 -2 3 4 -5 -6 -7 -8 -9 10
v 11 0
v -1 -2 3 4 -5 -6 -7 -8 9 -10
v -11 0
v -1 -2 3 4 -5 -6 -7 -8 9 -10
v 11 0
v -1 -2 3 4 -5 -6 -7 -8 9 10
v -11 0
v -1 -2 3 4 -5 -6 -7 -8 9 10
v 11 0
v -1 -2 3 4 -5 -6 -7 8 -9 -10
v -11 0
v -1 -2 3 4 -5 -6 -7 8 -9 -10
v 11 0
v -1 -2 3 4 -5 -6 -7 8 -9 10
v -11 0
v -1 -2 3 4 -5 -6 -7 8 -9 10
v 11 0
v -1 -2 3 4 -5 -6 -7 8 9 -10
v -11 0
v -1 -2 3 4 -5 -6 -7 8 9 -10
v 11 0
v -1 -2 3 4 -5 -6 -7 8 9 10
v -11 0
v -1 -2 3 4 -5 -6 -7 8 9 10
v 11 0
v -1 -2 3 4 -5 -6 7 -8 -9 -10
v -11 0
v -1 -2 3 4 -5 -6 7 -8 -9 -10
v 11 0
v -1 -2 3 4 -5 -6 7 -8 -9 10
v -11 0
v -1 -2 3 4 -5 -6 7 -8 -9 10
v 11 0
v -1 -2 3 4 -5 -6 7 -8 9 -10
v -11 0
v -1 -2 3 4 -5 -6 7 -8 9 -10
v 11 0
v -1 -2 3 4 -5 -6 7 -8 9 10
v -11 0
v -1 -2 3 4 -5 -6 7 -8 9 10
v 11 0
v -1 -2 3 4 -5 -6 7 8 -9 -10
v -11 0
v -1 -2 3 4 -5 -6 7 8 -9 -10
v 11 0
v -1 -2 3 4 -5 -6 7 8 -9 10
v -11 0
v -1 -2 3 4 -5 -6 7 8 -9 10
v 11 0
v -1 -2 3 4 -5 -6 7 8 9 -10
v -11 0
v -1 -2 3 4 -5 -6 7 8 9 -10
v 11 0
v -1 -2 3 4 -5 -6 7 8 9 10
v -11 0
v -1 -2 3 4 -5 -6 7 8 9 10
v 11 0
v -1 -2 3 4 -5 6 -7 -8 -9 -10
v -11 0
v -1 -2 3 4 -5 6 -7 -8 -9 -10
v 11 0
v -1 -2 3 4 -5 6 -7 -8 -9 10
v -11 0
v -1 -2 3 4 -5 6 -7 -8 -9 10
v 11 0
v -1 -2 3 4 -5 6 -7 -8 9 -10
v -11 0
v -1 -2 3 4 -5 6 -7 -8 9 -10
v 11 0
v -1 -2 3 4 -5 6 -7 -8 9 10
v -11 0
v -1 -2 3 4 -5 6 -7 -8 9 10
v 11 0
v -1 -2 3 4 -5 6 -7 8 -9 -10
v -11 0
v -1 -2 3 4 -5 6 -7 8 -9 -10
v 11 0
v -1 -2 3 4 -5 6 -7 8 -9 10
v -11 0
v -1 -2 3 4 -5 6 -7 8 -9 10
v 11 0
v -1 -2 3 4 -5 6 -7 8 9 -10
v -11 0
v -1 -2 3 4 -5 6 -7 8 9 -10
v 11 0
v -1 -2 3 4 -5 6 -7 8 9 10
v -11 0
v -1 -2 3 4 -5 6 -7 8 9 10
v 11 0
v -1 -2 3 4 -5 6 7 -8 -9 -10
v -11 0
v -1 -2 3 4 -5 6 7 -8 -9 -10
v 11 0
v -1 -2 3 4 -5 6 7 -8 -9 10
v -11 0
v -1 -2 3 4 -5 6 7 -8 -9 10
v 11 0
v -1 -2 3 4 -5 6 7 -8 9 -10
v -11 0
v -1 -2 3 4 -5 6 7 -8 9 -10
v 11 0
v -1 -2 3 4 -5 6 7 -8 9 10
v -11 0
v -1 -2 3 4 -5 6 7 -8 9 10
v 11 0
v -1 -2 3 4 -5 6 7 8 -9 -10
v -11 0
v -1 -2 3 4 -5 6 7 8 -9 -10
v 11 0
v -1 -2 3 4 -5 6 7 8 -9 10
v -11 0
v -1 -2 3 4 -5 6 7 8 -9 10
v 11 0
v -1 -2 3 4 -5 6 7 8 9 -10
v -11 0
v -1 -2 3 4 -5 6 7 8 9 -10
v 11 0
v -1 -2 3 4 -5 6 7 8 9 10
v -11 0
v -1 -2 3 4 -5 6 7 8 9 10
v 11 0
v -1 -2 3 4 5 -6 -7 -8 -9 -10
v -11 0
v -1 -2 3 4 5 -6 -7 -8 -9 -10
v 11 0
v -1 -2 3 4 5 -6 -7 -8 -9 10
v -11 0
v -1 -2 3 4 5 -6 -7 -8 -9 10
v 11 0
v -1 -2 3 4 5 -6 -7 -8 9 -10
v -11 0
v -1 -2 3 4 5 -6 -7 -8 9 -10
v 11 0
v -1 -2 3 4 5 -6 -7 -8 9 10
v -11 0
v -1 -2 3 4 5 -6 -7 -8 9 10
v 11 0
v -1 -2 3 4 5 -6 -7 8 -9 -10
v -11 0
v -1 -2 3 4 5 -6 -7 8 -9 -10
v 11 0
v -1 -2 3 4 5 -6 -7 8 -9 10
v -11 0
v -1 -2 3 4 5 -6 -7 8 -9 10
v 11 0
v -1 -2 3 4 5 -6 -7 8 9 -10
v -11 0
v -1 -2 3 4 5 -6 -7 8 9 -10
v 11 0
v -1 -2 3 4 5 -6 -7 8 9 10
v -11 0
v -1 -2 3 4 5 -6 -7 8 9 10
v 11 0
v -1 -2 3 4 5 -6 7 -8 -9 -10
v -11 0
v -1 -2 3 4 5 -6 7 -8 -9 -10
v 11 0
v -1 -2 3 4 5 -6 7 -8 -9 10
v -11 0
v -1 -2 3 4 5 -6 7 -8 -9 10
v 11 0
v -1 -2 3 4 5 -6 7 -8 9 -10
v -11 0
v -1 -2 3 4 5 -6 7 -8 9 -10
v 11 0
v -1 -2 3 4 5 -6 7 -8 9 10
v -11 0
v -1 -2 3 4 5 -6 7 -8 9 10
v 11 0
v -1 -2 3 4 5 -6 7 8 -9 -10
v -11 0
v -1 -2 3 4 5 -6 7 8 -9 -10
v 11 0
v -1 -2 3 4 5 -6 7 8 -9 10
v -11 0
v -1 -2 3 4 5 -6 7 8 -9 10
v 11 0
v -1 -2 3 4 5 -6 7 8 9 -10
v -11 0
v -1 -2 3 4 5 -6 7 8 9 -10
v 11 0
v -1 -2 3 4 5 -6 7 8 9 10
v -11 0
v -1 -2 3 4 5 -6 7 8 9 10
v 11 0
v -1 -2 3 4 5 6 -7 -8 -9 -10
v -11 0
v -1 -2 3 4 5 6 -7 -8 -9 -10
v 11 0
v -1 -2 3 4 5 6 -7 -8 -9 10
v -11 0
v -1 -2 3 4 5 6 -7 -8 -9 10
v 11 0
v -1 -2 3 4 5 6 -7 -8 9 -10
v -11 0
v -1 -2 3 4 5 6 -7 -8 9 -10
v 11 0
v -1 -2 3 4 5 6 -7 -8 9 10
v -11 0
v -1 -2 3 4 5 6 -7 -8 9 10
v 11 0
v -1 -2 3 4 5 6 -7 8 -9 -10
v -11 0
v -1 -2 3 4 5 6 -7 8 -9 -10
v 11 0
v -1 -2 3 4 5 6 -7 8 -9 10
v -11 0
v -1 -2 3 4 5 6 -7 8 -9 10
v 11 0
v -1 -2 3 4 5 6 -7 8 9 -10
v -11 0
v -1 -2 3 4 5 6 -7 8 9 -10
v 11 0
v -1 -2 3 4 5 6 -7 8 9 10
v -11 0
v -1 -2 3 4 5 6 -7 8 9 10
v 11 0
v -1 -2 3 4 5 6 7 -8 -9 -10
v -11 0
v -1 -2 3 4 5 6 7 -8 -9 -10
v 11 0
v -1 -2 3 4 5 6 7 -8 -9 10
v -11 0
v -1 -2 3 4 5 6 7 -8 -9 10
v 11 0
v -1 -2 3 4 5 6 7 -8 9 -10
v -11 0
v -1 -2 3 4 5 6 7 -8 9 -10
v 11 0
v -1 -2 3 4 5 6 7 -8 9 10
v -11 0
v -1 -2 3 4 5 6 7 -8 9 10
v 11 0
v -1 -2 3 4 5 6 7 8 -9 -10
v -11 0
v -1 -2 3 4 5 6 7 8 -9 -10
v 11 0
v -1 -2 3 4 5 6 7 8 -9 10
v -11 0
v -1 -2 3 4 5 6 7 8 -9 10
v 11 0
v -1 -2 3 4 5 6 7 8 9 -10
v -11 0
v -1 -2 3 4 5 6 7 8 9 -10
v 11 0
v -1 -2 3 4 5 6 7 8 9 10
v -11 0
v -1 -2 3 4 5 6 7 8 9 10
v 11 0
v -1 2 -3 -4 -5 -6 -7 -8 -9 -10
v -11 0
v -1 2 -3 -4 -5 -6 -7 -8 -9 -10
v 11 0
v -1 2 -3 -4 -5 -6 -7 -8 -9 10
v -11 0
v -1 2 -3 -4 -5 -6 -7 -8 -9 10
v 11 0
v -1 2 -3 -4 -5 -6 -7 -8 9 -10
v -11 0
v -1 2 -3 -4 -5 -6 -7 -8 9 -10
v 11 0
v -1 2 -3 -4 -5 -6 -7 -8 9 10
v -11 0
v -1 2 -3 -4 -5 -6 -7 -8 9 10
v 11 0
v -1 2 -3 -4 -5 -6 -7 8 -9 -10
v -11 0
v -1 2 -3 -4 -5 -6 -7 8 -9 -10
v 11 0
v -1 2 -3 -4 -5 -6 -7 8 -9 10
v -11 0
v -1 2 -3 -4 -5 -6 -7 8 -9 10
v 11 0
v -1 2 -3 -4 -5 -6 -7 8 9 -10
v -11 0
v -1 2 -3 -4 -5 -6 -7 8 9 -10
v 11 0
v -1 2 -3 -4 -5 -6 -7 8 9 10
v -11 0
v -1 2 -3 -4 -5 -6 -7 8 9 10
v 11 0
v -1 2 -3 -4 -5 -6 7 -8 -9 -10
v -11 0
v -1 2 -3 -4 -5 -6 7 -8 -9 -10
v 11 0
v -1 2 -3 -4 -5 -6 7 -8 -9 10
v -11 0
v -1 2 -3 -4 -5 -6 7 -8 -9 10
v 11 0
v -1 2 -3 -4 -5 -6 7 -8 9 -10
v -11 0
v -1 2 -3 -4 -5 -6 7 -8 9 -10
v 11 0
v -1 2 -3 -4 -5 -6 7 -8 9 10
v -11 0
v -1 2 -3 -4 -5 -6 7 -8 9 10
v 11 0
v -1 2 -3 -4 -5 -6 7 8 -9 -10
v -11 0
v -1 2 -3 -4 -5 -6 7 8 -9 -10
v 11 0
v -1 2 -3 -4 -5 -6 7 8 -9 10
v -11 0
v -1 2 -3 -4 -5 -6 7 8 -9 10
v 11 0
v -1 2 -3 -4 -5 -6 7 8 9 -10
v -11 0
v -1 2 -3 -4 -5 -6 7 8 9 -10
v 11 0
v -1 2 -3 -4 -5 -6 7 8 9 10
v -11 0
v -1 2 -3 -4 -5 -6 7 8 9 10
v 11 0
v -1 2 -3 -4 -5 6 -7 -8 -9 -10
v -11 0
v -1 2 -3 -4 -5 6 -7 -8 -9 -10
v 11 0
v -1 2 -3 -4 -5 6 -7 -8 -9 10
v -11 0
v -1 2 -3 -4 -5 6 -7 -8 -9 10
v 11 0
v -1 2 -3 -4 -5 6 -7 -8 9 -10
v -11 0
v -1 2 -3 -4 -5 6 -7 -8 9 -10
v 11 0
v -1 2 -3 -4 -5 6 -7 -8 9 10
v -11 0
v -1 2 -3 -4 -5 6 -7 -8 9 10
v 11 0
v -1 2 -3 -4 -5 6 -7 8 -9 -10
v -11 0
v -1 2 -3 -4 -5 6 -7 8 -9 -10
v 11 0
v -1 2 -3 -4 -5 6 -7 8 -9 10
v -11 0
v -1 2 -3 -4 -5 6 -7 8 -9 10
v 11 0
v -1 2 -3 -4 -5 6 -7 8 9 -10
v -11 0
v -1 2 -3 -4 -5 6 -7 8 9 -10
v 11 0
v -1 2 -3 -4 -5 6 -7 8 9 10
v -11 0
v -1 2 -3 -4 -5 6 -7 8 9 10
v 11 0
v -1 2 -3 -4 -5 6 7 -8 -9 -10
v -11 0
v -1 2 -3 -4 -5 6 7 -8 -9 -10
v 11 0
v -1 2 -3 -4 -5 6 7 -8 -9 10
v -11 0
v -1 2 -3 -4 -5 6 7 -8 -9 10
v 11 0
v -1 2 -3 -4 -5 6 7 -8 9 -10
v -11 0
v -1 2 -3 -4 -5 6 7 -8 9 -10
v 11 0
v -1 2 -3 -4 -5 6 7 -8 9 10
v -11 0
v -1 2 -3 -4 -5 6 7 -8 9 10
v 11 0
v -1 2 -3 -4 -5 6 7 8 -9 -10
v -11 0
v -1 2 -3 -4 -5 6 7 8 -9 -10
v 11 0
v -1 2 -3 -4 -5 6 7 8 -9 10
v -11 0
v -1 2 -3 -4 -5 6 7 8 -9 10
v 11 0
v -1 2 -3 -4 -5 6 7 8 9 -10
v -11 0
v -1 2 -3 -4 -5 6 7 8 9 -10
v 11 0
v -1 2 -3 -4 -5 6 7 8 9 10
v -11 0
v -1 2 -3 -4 -5 6 7 8 9 10
v 11 0
v -1 2 -3 -4 5 -6 -7 -8 -9 -10
v -11 0
v -1 2 -3 -4 5 -6 -7 -8 -9 -10
v 11 0
v -1 2 -3 -4 5 -6 -7 -8 -9 10
v -11 0
v -1 2 -3 -4 5 -6 -7 -8 -9 10
v 11 0
v -1 2 -3 -4 5 -6 -7 -8 9 -10
v -11 0
v -1 2 -3 -4 5 -6 -7 -8 9 -10
v 11 0
v -1 2 -3 -4 5 -6 -7 -8 9 10
v -11 0
v -1 2 -3 -4 5 -6 -7 -8 9 10
v 11 0
v -1 2 -3 -4 5 -6 -7 8 -9 -10
v -11 0
v -1 2 -3 -4 5 -6 -7 8 -9 -10
v 11 0
v -1 2 -3 -4 5 -6 -7 8 -9 10
v -11 0
v -1 2 -3 -4 5 -6 -7 8 -9 10
v 11 0
v -1 2 -3 -4 5 -6 -7 8 9 -10
v -11 0
v -1 2 -3 -4 5 -6 -7 8 9 -10
v 11 0
v -1 2 -3 -4 5 -6 -7 8 9 10
v -11 0
v -1 2 -3 -4 5 -6 -7 8 9 10
v 11 0
v -1 2 -3 -4 5 -6 7 -8 -9 -10
v -11 0
v -1 2 -3 -4 5 -6 7 -8 -9 -10
v 11 0
v -1 2 -3 -4 5 -6 7 -8 -9 10
v -11 0
v -1 2 -3 -4 5 -6 7 -8 -9 10
v 11 0
v -1 2 -3 -4 5 -6 7 -8 9 -10
v -11 0
v -1 2 -3 -4 5 -6 7 -8 9 -10
v 11 0
v -1 2 -3 -4 5 -6 7 -8 9 10
v -11 0
v -1 2 -3 -4 5 -6 7 -8 9 10
v 11 0
v -1 2 -3 -4 5 -6 7 8 -9 -10
v -11 0
v -1 2 -3 -4 5 -6 7 8 -9 -10
v 11 0
v -1 2 -3 -4 5 -6 7 8 -9 10
v -11 0
v -1 2 -3 -4 5 -6 7 8 -9 10
v 11 0
v -1 2 -3 -4 5 -6 7 8 9 -10
v -11 0
v -1 2 -3 -4 5 -6 7 8 9 -10
v 11 0
v -1 2 -3 -4 5 -6 7 8 9 10
v -11 0
v -1 2 -3 -4 5 -6 7 8 9 10
v 11 0
v -1 2 -3 -4 5 6 -7 -8 -9 -10
v -11 0
v -1 2 -3 -4 5 6 -7 -8 -9 -10
v 11 0
v -1 2 -3 -4 5 6 -7 -8 -9 10
v -11 0
v -1 2 -3 -4 5 6 -7 -8 -9 10
v 11 0
v -1 2 -3 -4 5 6 -7 -8 9 -10
v -11 0
v -1 2 -3 -4 5 6 -7 -8 9 -10
v 11 0
v -1 2 -3 -4 5 6 -7 -8 9 10
v -11 0
v -1 2 -3 -4 5 6 -7 -8 9 10
v 11 0
v -1 2 -3 -4 5 6 -7 8 -9 -10
v -11 0
v -1 2 -3 -4 5 6 -7 8 -9 -10
v 11 0
v -1 2 -3 -4 5 6 -7 8 -9 10
v -11 0
v -1 2 -3 -4 5 6 -7 8 -9 10
v 11 0
v -1 2 -3 -4 5 6 -7 8 9 -10
v -11 0
v -1 2 -3 -4 5 6 -7 8 9 -10
v 11 0
v -1 2 -3 -4 5 6 -7 8 9 10
v -11 0
v -1 2 -3 -4 5 6 -7 8 9 10
v 11 0
v -1 2 -3 -4 5 6 7 -8 -9 -10
v -11 0
v -1 2 -3 -4 5 6 7 -8 -9 -10
v 11 0
v -1 2 -3 -4 5 6 7 -8 -9 10
v -11 0
v -1 2 -3 -4 5 6 7 -8 -9 10
v 11 0
v -1 2 -3 -4 5 6 7 -8 9 -10
v -11 0
v -1 2 -3 -4 5 6 7 -8 9 -10
v 11 0
v -1 2 -3 -4 5 6 7 -8 9 10
v -11 0
v -1 2 -3 -4 5 6 7 -8 9 10
v 11 0
v -1 2 -3 -4 5 6 7 8 -9 -10
v -11 0
v -1 2 -3 -4 5 6 7 8 -9 -10
v 11 0
v -1 2 -3 -4 5 6 7 8 -9 10
v -11 0
v -1 2 -3 -4 5 6 7 8 -9 10
v 11 0
v -1 2 -3 -4 5 6 7 8 9 -10
v -11 0
v -1 2 -3 -4 5 6 7 8 9 -10
v 11 0
v -1 2 -3 -4 5 6 7 8 9 10
v -11 0
v -1 2 -3 -4 5 6 7 8 9 10
v 11 0
v -1 2 -3 4 -5 -6 -7 -8 -9 -10
v -11 0
v -1 2 -3 4 -5 -6 -7 -8 -9 -10
v 11 0
v -1 2 -3 4 -5 -6 -7 -8 -9 10
v -11 0
v -1 2 -3 4 -5 -6 -7 -8 -9 10
v 11 0
v -1 2 -3 4 -5 -6 -7 -8 9 -10
v -11 0
v -1 2 -3 4 -5 -6 -7 -8 9 -10
v 11 0
v -1 2 -3 4 -5 -6 -7 -8 9 10
v -11 0
v -1 2 -3 4 -5 -6 -7 -8 9 10
v 11 0
v -1 2 -3 4 -5 -6 -7 8 -9 -10
v -11 0
v -1 2 -3 4 -5 -6 -7 8 -9 -10
v 11 0
v -1 2 -3 4 -5 -6 -7 8 -9 10
v -11 0
v -1 2 -3 4 -5 -6 -7 8 -9 10
v 11 0
v -1 2 -3 4 -5 -6 -7 8 9 -10
v -11 0
v -1 2 -3 4 -5 -6 -7 8 9 -10
v 11 0
v -1 2 -3 4 -5 -6 -7 8 9 10
v -11 0
v -1 2 -3 4 -5 -6 -7 8 9 10
v 11 0
v -1 2 -3 4 -5 -6 7 -8 -9 -10
v -11 0
v -1 2 -3 4 -5 -6 7 -8 -9 -10
v 11 0
v -1 2 -3 4 -5 -6 7 -8 -9 10
v -11 0
v -1 2 -3 4 -5 -6 7 -8 -9 10
v 11 0
v -1 2 -3 4 -5 -6 7 -8 9 -10
v -11 0
v -1 2 -3 4 -5 -6 7 -8 9 -10
v 11 0
v -1 2 -3 4 -5 -6 7 -8 9 10
v -11 0
v -1 2 -3 4 -5 -6 7 -8 9 10
v 11 0
v -1 2 -3 4 -5 -6 7 8 -9 -10
v -11 0
v -1 2 -3 4 -5 -6 7 8 -9 -10
v 11 0
v -1 2 -3 4 -5 -6 7 8 -9 10
v -11 0
v -1 2 -3 4 -5 -6 7 8 -9 10
v 11 0
v -1 2 -3 4 -5 -6 7 8 9 -10
v -11 0
v -1 2 -3 4 -5 -6 7 8 9 -10
v 11 0
v -1 2 -3 4 -5 -6 7 8 9 10
v -11 0
v -1 2 -3 4 -5 -6 7 8 9 10
v 11 0
v -1 2 -3 4 -5 6 -7 -8 -9 -10
v -11 0
v -1 2 -3 4 -5 6 -7 -8 -9 -10
v 11 0
v -1 2 -3 4 -5 6 -7 -8 -9 10
v -11 0
v -1 2 -3 4 -5 6 -7 -8 -9 10
v 11 0
v -1 2 -3 4 -5 6 -7 -8 9 -10
v -11 0
v -1 2 -3 4 -5 6 -7 -8 9 -10
v 11 0
v -1 2 -3 4 -5 6 -7 -8 9 10
v -11 0
v -1 2 -3 4 -5 6 -7 -8 9 10
v 11 0
v -1 2 -3 4 -5 6 -7 8 -9 -10
v -11 0
v -1 2 -3 4 -5 6 -7 8 -9 -10
v 11 0
v -1 2 -3 4 -5 6 -7 8 -9 10
v -11 0
v -1 2 -3 4 -5 6 -7 8 -9 10
v 11 0
v -1 2 -3 4 -5 6 -7 8 9 -10
v -11 0
v -1 2 -3 4 -5 6 -7 8 9 -10
v 11 0
v -1 2 -3 4 -5 6 -7 8 9 10
v -11 0
v -1 2 -3 4 -5 6 -7 8 9 10
v 11 0
v -1 2 -3 4 -5 6 7 -8 -9 -10
v -11 0
v -1 2 -3 4 -5 6 7 -8 -9 -10
v 11 0
v -1 2 -3 4 -5 6 7 -8 -9 10
v -11 0
v -1 2 -3 4 -5 6 7 -8 -9 10
v 11 0
v -1 2 -3 4 -5 6 7 -8 9 -10
v -11 0
v -1 2 -3 4 -5 6 7 -8 9 -10
v 11 0
v -1 2 -3 4 -5 6 7 -8 9 10
v -11 0
v -1 2 -3 4 -5 6 7 -8 9 10
v 11 0
v -1 2 -3 4 -5 6 7 8 -9 -10
v -11 0
v -1 2 -3 4 -5 6 7 8 -9 -10
v 11 0
v -1 2 -3 4 -5 6 7 8 -9 10
v -11 0
v -1 2 -3 4 -5 6 7 8 -9 10
v 11 0
v -1 2 -3 4 -5 6 7 8 9 -10
v -11 0
v -1 2 -3 4 -5 6 7 8 9 -10
v 11 0
v -1 2 -3 4 -5 6 7 8 9 10
v -11 0
v -1 2 -3 4 -5 6 7 8 9 10
v 11 0
v -1 2 -3 4 5 -6 -7 -8 -9 -10
v -11 0
v -1 2 -3 4 5 -6 -7 -8 -9 -10
v 11 0
v -1 2 -3 4 5 -6 -7 -8 -9 10
v -11 0
v -1 2 -3 4 5 -6 -7 -8 -9 10
v 11 0
v -1 2 -3 4 5 -6 -7 -8 9 -10
v -11 0
v -1 2 -3 4 5 -6 -7 -8 9 -10
v 11 0
v -1 2 -3 4 5 -6 -7 -8 9 10
v -11 0
v -1 2 -3 4 5 -6 -7 -8 9 10
v 11 0
v -1 2 -3 4 5 -6 -7 8 -9 -10
v -11 0
v -1 2 -3 4 5 -6 -7 8 -9 -10
v 11 0
v -1 2 -3 4 5 -6 -7 8 -9 10
v -11 0
v -1 2 -3 4 5 -6 -7 8 -9 10
v 11 0
v -1 2 -3 4 5 -6 -7 8 9 -10
v -11 0
v -1 2 -3 4 5 -6 -7 8 9 -10
v 11 0
v -1 2 -3 4 5 -6 -7 8 9 10
v -11 0
v -1 2 -3 4 5 -6 -7 8 9 10
v 11 0
v -1 2 -3 4 5 -6 7 -8 -9 -10
v -11 0
v -1 2 -3 4 5 -6 7 -8 -9 -10
v 11 0
v -1 2 -3 4 5 -6 7 -8 -9 10
v -11 0
v -1 2 -3 4 5 -6 7 -8 -9 10
v 11 0
v -1 2 -3 4 5 -6 7 -8 9 -10
v -11 0
v -1 2 -3 4 5 -6 7 -8 9 -10
v 11 0
v -1 2 -3 4 5 -6 7 -8 9 10
v -11 0
v -1 2 -3 4 5 -6 7 -8 9 10
v 11 0
v -1 2 -3 4 5 -6 7 8 -9 -10
v -11 0
v -1 2 -3 4 5 -6 7 8 -9 -10
v 11 0
v -1 2 -3 4 5 -6 7 8 -9 10
v -11 0
v -1 2 -3 4 5 -6 7 8 -9 10
v 11 0
v -1 2 -3 4 5 -6 7 8 9 -10
v -11 0
v -1 2 -3 4 5 -6 7 8 9 -10
v 11 0
v -1 2 -3 4 5 -6 7 8 9 10
v -11 0
v -1 2 -3 4 5 -6 7 8 9 10
v 11 0
v -1 2 -3 4 5 6 -7 -8 -9 -10
v -11 0
v -1 2 -3 4 5 6 -7 -8 -9 -10
v 11 0
v -1 2 -3 4 5 6 -7 -8 -9 10
v -11 0
v -1 2 -3 4 5 6 -7 -8 -9 10
v 11 0
v -1 2 -3 4 5 6 -7 -8 9 -10
v -11 0
v -1 2 -3 4 5 6 -7 -8 9 -10
v 11 0
v -1 2 -3 4 5 6 -7 -8 9 10
v -11 0
v -1 2 -3 4 5 6 -7 -8 9 10
v 11 0
v -1 2 -3 4 5 6 -7 8 -9 -10
v -11 0
v -1 2 -3 4 5 6 -7 8 -9 -10
v 11 0
v -1 2 -3 4 5 6 -7 8 -9 10
v -11 0
v -1 2 -3 4 5 6 -7 8 -9 10
v 11 0
v -1 2 -3 4 5 6 -7 8 9 -10
v -11 0
v -1 2 -3 4 5 6 -7 8 9 -10
v 11 0
v -1 2 -3 4 5 6 -7 8 9 10
v -11 0
v -1 2 -3 4 5 6 -7 8 9 10
v 11 0
v -1 2 -3 4 5 6 7 -8 -9 -10
v -11 0
v -1 2 -3 4 5 6 7 -8 -9 -10
v 11 0
v -1 2 -3 4 5 6 7 -8 -9 10
v -11 0
v -1 2 -3 4 5 6 7 -8 -9 10
v 11 0
v -1 2 -3 4 5 6 7 -8 9 -10
v -11 0
v -1 2 -3 4 5 6 7 -8 9 -10
v 11 0
v -1 2 -3 4 5 6 7 -8 9 10
v -11 0
v -1 2 -3 4 5 6 7 -8 9 10
v 11 0
v -1 2 -3 4 5 6 7 8 -9 -10
v -11 0
v -1 2 -3 4 5 6 7 8 -9 -10
v 11 0
v -1 2 -3 4 5 6 7 8 -9 10
v -11 0
v -1 2 -3 4 5 6 7 8 -9 10
v 11 0
v -1 2 -3 4 5 6 7 8 9 -10
v -11 0
v -1 2 -3 4 5 6 7 8 9 -10
v 11 0
v -1 2 -3 4 5 6 7 8 9 10
v -11 0
v -1 2 -3 4 5 6 7 8 9 10
v 11 0
v -1 2 3 -4 -5 -6 -7 -8 -9 -10
v 11 0
v -1 2 3 -4 -5 -6 -7 -8 -9 10
v -11 0
v -1 2 3 -4 -5 -6 -7 -8 -9 10
v 11 0
v -1 2 3 -4 -5 -6 -7 -8 9 -10
v -11 0
v -1 2 3 -4 -5 -6 -7 -8 9 -10
v 11 0
v -1 2 3 -4 -5 -6 -7 -8 9 10
v -11 0
v -1 2 3 -4 -5 -6 -7 -8 9 10
v 11 0
v -1 2 3 -4 -5 -6 -7 8 -9 -10
v -11 0
v -1 2 3 -4 -5 -6 -7 8 -9 -10
v 11 0
v -1 2 3 -4 -5 -6 -7 8 -9 10
v -11 0
v -1 2 3 -4 -5 -6 -7 8 -9 10
v 11 0
v -1 2 3 -4 -5 -6 -7 8 9 -10
v -11 0
v -1 2 3 -4 -5 -6 -7 8 9 -10
v 11 0
v -1 2 3 -4 -5 -6 -7 8 9 10
v -11 0
v -1 2 3 -4 -5 -6 -7 8 9 10
v 11 0
v -1 2 3 -4 -5 -6 7 -8 -9 -10
v -11 0
v -1 2 3 -4 -5 -6 7 -8 -9 -10
v 11 0
v -1 2 3 -4 -5 -6 7 -8 -9 10
v -11 0
v -1 2 3 -4 -5 -6 7 -8 -9 10
v 11 0
v -1 2 3 -4 -5 -6 7 -8 9 -10
v -11 0
v -1 2 3 -4 -5 -6 7 -8 9 -10
v 11 0
v -1 2 3 -4 -5 -6 7 -8 9 10
v -11 0
v -1 2 3 -4 -5 -6 7 -8 9 10
v 11 0
v -1 2 3 -4 -5 -6 7 8 -9 -10
v -11 0
v -1 2 3 -4 -5 -6 7 8 -9 -10
v 11 0
v -1 2 3 -4 -5 -6 7 8 -9 10
v -11 0
v -1 2 3 -4 -5 -6 7 8 -9 10
v 11 0
v -1 2 3 -4 -5 -6 7 8 9 -10
v -11 0
v -1 2 3 -4 -5 -6 7 8 9 -10
v 11 0
v -1 2 3 -4 -5 -6 7 8 9 10
v -11 0
v -1 2 3 -4 -5 -6 7 8 9 10
v 11 0
v -1 2 3 -4 -5 6 -7 -8 -9 -10
v -11 0
v -1 2 3 -4 -5 6 -7 -8 -9 -10
v 11 0
v -1 2 3 -4 -5 6 -7 -8 -9 10
v -11 0
v -1 2 3 -4 -5 6 -7 -8 -9 10
v 11 0
v -1 2 3 -4 -5 6 -7 -8 9 -10
v -11 0
v -1 2 3 -4 -5 6 -7 -8 9 -10
v 11 0
v -1 2 3 -4 -5 6 -7 -8 9 10
v -11 0
v -1 2 3 -4 -5 6 -7 -8 9 10
v 11 0
v -1 2 3 -4 -5 6 -7 8 -9 -10
v -11 0
v -1 2 3 -4 -5 6 -7 8 -9 -10
v 11 0
v -1 2 3 -4 -5 6 -7 8 -9 10
v -11 0
v -1 2 3 -4 -5 6 -7 8 -9 10
v 11 0
v -1 2 3 -4 -5 6 -7 8 9 -10
v -11 0
v -1 2 3 -4 -5 6 -7 8 9 -10
v 11 0
v -1 2 3 -4 -5 6 -7 8 9 10
v -11 0
v -1 2 3 -4 -5 6 -7 8 9 10
v 11 0
v -1 2 3 -4 -5 6 7 -8 -9 -10
v -11 0
v -1 2 3 -4 -5 6 7 -8 -9 -10
v 11 0
v -1 2 3 -4 -5 6 7 -8 -9 10
v -11 0
v -1 2 3 -4 -5 6 7 -8 -9 10
v 11 0
v -1 2 3 -4 -5 6 7 -8 9 -10
v -11 0
v -1 2 3 -4 -5 6 7 -8 9 -10
v 11 0
v -1 2 3 -4 -5 6 7 -8 9 10
v -11 0
v -1 2 3 -4 -5 6 7 -8 9 10
v 11 0
v -1 2 3 -4 -5 6 7 8 -9 -10
v -11 0
v -1 2 3 -4 -5 6 7 8 -9 -10
v 11 0
v -1 2 3 -4 -5 6 7 8 -9 10
v -11 0
v -1 2 3 -4 -5 6 7 8 -9 10
v 11 0
v -1 2 3 -4 -5 6 7 8 9 -10
v -11 0
v -1 2 3 -4 -5 6 7 8 9 -10
v 11 0
v -1 2 3 -4 -5 6 7 8 9 10
v -11 0
v -1 2 3 -4 -5 6 7 8 9 10
v 11 0
v -1 2 3 -4 5 -6 -7 -8 -9 -10
v -11 0
v -1 2 3 -4 5 -6 -7 -8 -9 -10
v 11 0
v -1 2 3 -4 5 -6 -7 -8 -9 10
v -11 0
v -1 2 3 -4 5 -6 -7 -8 -9 10
v 11 0
v -1 2 3 -4 5 -6 -7 -8 9 -10
v -11 0
v -1 2 3 -4 5 -6 -7 -8 9 -10
v 11 0
v -1 2 3 -4 5 -6 -7 -8 9 10
v -11 0
v -1 2 3 -4 5 -6 -7 -8 9 10
v 11 0
v -1 2 3 -4 5 -6 -7 8 -9 -10
v -11 0
v -1 2 3 -4 5 -6 -7 8 -9 -10
v 11 0
v -1 2 3 -4 5 -6 -7 8 -9 10
v -11 0
v -1 2 3 -4 5 -6 -7 8 -9 10
v 11 0
v -1 2 3 -4 5 -6 -7 8 9 -10
v -11 0
v -1 2 3 -4 5 -6 -7 8 9 -10
v 11 0
v -1 2 3 -4 5 -6 -7 8 9 10
v -11 0
v -1 2 3 -4 5 -6 -7 8 9 10
v 11 0
v -1 2 3 -4 5 -6 7 -8 -9 -10
v -11 0
v -1 2 3 -4 5 -6 7 -8 -9 -10
v 11 0
v -1 2 3 -4 5 -6 7 -8 -9 10
v -11 0
v -1 2 3 -4 5 -6 7 -8 -9 10
v 11 0
v -1 2 3 -4 5 -6 7 -8 9 -10
v -11 0
v -1 2 3 -4 5 -6 7 -8 9 -10
v 11 0
v -1 2 3 -4 5 -6 7 -8 9 10
v -11 0
v -1 2 3 -4 5 -6 7 -8 9 10
v 11 0
v -1 2 3 -4 5 -6 7 8 -9 -10
v -11 0
v -1 2 3 -4 5 -6 7 8 -9 -10
v 11 0
v -1 2 3 -4 5 -6 7 8 -9 10
v -11 0
v -1 2 3 -4 5 -6 7 8 -9 10
v 11 0
v -1 2 3 -4 5 -6 7 8 9 -10
v -11 0
v -1 2 3 -4 5 -6 7 8 9 -10
v 11 0
v -1 2 3 -4 5 -6 7 8 9 10
v -11 0
v -1 2 3 -4 5 -6 7 8 9 10
v 11 0
v -1 2 3 -4 5 6 -7 -8 -9 -10
v -11 0
v -1 2 3 -4 5 6 -7 -8 -9 -10
v 11 0
v -1 2 3 -4 5 6 -7 -8 -9 10
v -11 0
v -1 2 3 -4 5 6 -7 -8 -9 10
v 11 0
v -1 2 3 -4 5 6 -7 -8 9 -10
v -11 0
v -1 2 3 -4 5 6 -7 -8 9 -10
v 11 0
v -1 2 3 -4 5 6 -7 -8 9 10
v -11 0
v -1 2 3 -4 5 6 -7 -8 9 10
v 11 0
v -1 2 3 -4 5 6 -7 8 -9 -10
v -11 0
v -1 2 3 -4 5 6 -7 8 -9 -10
v 11 0
v -1 2 3 -4 5 6 -7 8 -9 10
v -11 0
v -1 2 3 -4 5 6 -7 8 -9 10
v 11 0
v -1 2 3 -4 5 6 -7 8 9 -10
v -11 0
v -1 2 3 -4 5 6 -7 8 9 -10
v 11 0
v -1 2 3 -4 5 6 -7 8 9 10
v -11 0
v -1 2 3 -4 5 6 -7 8 9 10
v 11 0
v -1 2 3 -4 5 6 7 -8 -9 -10
v -11 0
v -1 2 3 -4 5 6 7 -8 -9 -10
v 11 0
v -1 2 3 -4 5 6 7 -8 -9 10
v -11 0
v -1 2 3 -4 5 6 7 -8 -9 10
v 11 0
v -1 2 3 -4 5 6 7 -8 9 -10
v -11 0
v -1 2 3 -4 5 6 7 -8 9 -10
v 11 0
v -1 2 3 -4 5 6 7 -8 9 10
v -11 0
v -1 2 3 -4 5 6 7 -8 9 10
v 11 0
v -1 2 3 -4 5 6 7 8 -9 -10
v -11 0
v -1 2 3 -4 5 6 7 8 -9 -10
v 11 0
v -1 2 3 -4 5 6 7 8 -9 10
v -11 0
v -1 2 3 -4 5 6 7 8 -9 10
v 11 0
v -1 2 3 -4 5 6 7 8 9 -10
v -11 0
v -1 2 3 -4 5 6 7 8 9 -10
v 11 0
v -1 2 3 -4 5 6 7 8 9 10
v -11 0
v -1 2 3 -4 5 6 7 8 9 10
v 11 0
v -1 2 3 4 -5 -6 -7 -8 -9 -10
v -11 0
v -1 2 3 4 -5 -6 -7 -8 -9 -10
v 11 0
v -1 2 3 4 -5 -6 -7 -8 -9 10
v -11 0
v -1 2 3 4 -5 -6 -7 -8 -9 10
v 11 0
v -1 2 3 4 -5 -6 -7 -8 9 -10
v -11 0
v -1 2 3 4 -5 -6 -7 -8 9 -10
v 11 0
v -1 2 3 4 -5 -6 -7 -8 9 10
v -11 0
v -1 2 3 4 -5 -6 -7 -8 9 10
v 11 0
v -1 2 3 4 -5 -6 -7 8 -9 -10
v -11 0
v -1 2 3 4 -5 -6 -7 8 -9 -10
v 11 0
v -1 2 3 4 -5 -6 -7 8 -9 10
v -11 0
v -1 2 3 4 -5 -6 -7 8 -9 10
v 11 0
v -1 2 3 4 -5 -6 -7 8 9 -10
v -11 0
v -1 2 3 4 -5 -6 -7 8 9 -10
v 11 0
v -1 2 3 4 -5 -6 -7 8 9 10
v -11 0
v -1 2 3 4 -5 -6 -7 8 9 10
v 11 0
v -1 2 3 4 -5 -6 7 -8 -9 -10
v -11 0
v -1 2 3 4 -5 -6 7 -8 -9 -10
v 11 0
v -1 2 3 4 -5 -6 7 -8 -9 10
v -11 0
v -1 2 3 4 -5 -6 7 -8 -9 10
v 11 0
v -1 2 3 4 -5 -6 7 -8 9 -10
v -11 0
v -1 2 3 4 -5 -6 7 -8 9 -10
v 11 0
v -1 2 3 4 -5 -6 7 -8 9 10
v -11 0
v -1 2 3 4 -5 -6 7 -8 9 10
v 11 0
v -1 2 3 4 -5 -6 7 8 -9 -10
v -11 0
v -1 2 3 4 -5 -6 7 8 -9 -10
v 11 0
v -1 2 3 4 -5 -6 7 8 -9 10
v -11 0
v -1 2 3 4 -5 -6 7 8 -9 10
v 11 0
v -1 2 3 4 -5 -6 7 8 9 -10
v -11 0
v -1 2 3 4 -5 -6 7 8 9 -10
v 11 0
v -1 2 3 4 -5 -6 7 8 9 10
v -11 0
v -1 2 3 4 -5 -6 7 8 9 10
v 11 0
v -1 2 3 4 -5 6 -7 -8 -9 -10
v -11 0
v -1 2 3 4 -5 6 -7 -8 -9 -10
v 11 0
v -1 2 3 4 -5 6 -7 -8 -9 10
v -11 0
v -1 2 3 4 -5 6 -7 -8 -9 10
v 11 0
v -1 2 3 4 -5 6 -7 -8 9 -10
v -11 0
v -1 2 3 4 -5 6 -7 -8 9 -10
v 11 0
v -1 2 3 4 -5 6 -7 -8 9 10
v -11 0
v -1 2 3 4 -5 6 -7 -8 9 10
v 11 0
v -1 2 3 4 -5 6 -7 8 -9 -10
v -11 0
v -1 2 3 4 -5 6 -7 8 -9 -10
v 11 0
v -1 2 3 4 -5 6 -7 8 -9 10
v -11 0
v -1 2 3 4 -5 6 -7 8 -9 10
v 11 0
v -1 2 3 4 -5 6 -7 8 9 -10
v -11 0
v -1 2 3 4 -5 6 -7 8 9 -10
v 11 0
v -1 2 3 4 -5 6 -7 8 9 10
v -11 0
v -1 2 3 4 -5 6 -7 8 9 10
v 11 0
v -1 2 3 4 -5 6 7 -8 -9 -10
v -11 0
v -1 2 3 4 -5 6 7 -8 -9 -10
v 11 0
v -1 2 3 4 -5 6 7 -8 -9 10
v -11 0
v -1 2 3 4 -5 6 7 -8 -9 10
v 11 0
v -1 2 3 4 -5 6 7 -8 9 -10
v -11 0
v -1 2 3 4 -5 6 7 -8 9 -10
v 11 0
v -1 2 3 4 -5 6 7 -8 9 10
v -11 0
v -1 2 3 4 -5 6 7 -8 9 10
v 11 0
v -1 2 3 4 -5 6 7 8 -9 -10
v -11 0
v -1 2 3 4 -5 6 7 8 -9 -10
v 11 0
v -1 2 3 4 -5 6 7 8 -9 10
v -11 0
v -1 2 3 4 -5 6 7 8 -9 10
v 11 0
v -1 2 3 4 -5 6 7 8 9 -10
v -11 0
v -1 2 3 4 -5 6 7 8 9 -10
v 11 0
v -1 2 3 4 -5 6 7 8 9 10
v -11 0
v -1 2 3 4 -5 6 7 8 9 10
v 11 0
v -1 2 3 4 5 -6 -7 -8 -9 -10
v -11 0
v -1 2 3 4 5 -6 -7 -8 -9 -10
v 11 0
v -1 2 3 4 5 -6 -7 -8 -9 10
v -11 0
v -1 2 3 4 5 -6 -7 -8 -9 10
v 11 0
v -1 2 3 4 5 -6 -7 -8 9 -10
v -11 0
v -1 2 3 4 5 -6 -7 -8 9 -10
v 11 0
v -1 2 3 4 5 -6 -7 -8 9 10
v -11 0
v -1 2 3 4 5 -6 -7 -8 9 10
v 11 0
v -1 2 3 4 5 -6 -7 8 -9 -10
v -11 0
v -1 2 3 4 5 -6 -7 8 -9 -10
v 11 0
v -1 2 3 4 5 -6 -7 8 -9 10
v -11 0
v -1 2 3 4 5 -6 -7 8 -9 10
v 11 0
v -1 2 3 4 5 -6 -7 8 9 -10
v -11 0
v -1 2 3 4 5 -6 -7 8 9 -10
v 11 0
v -1 2 3 4 5 -6 -7 8 9 10
v -11 0
v -1 2 3 4 5 -6 -7 8 9 10
v 11 0
v -1 2 3 4 5 -6 7 -8 -9 -10
v -11 0
v -1 2 3 4 5 -6 7 -8 -9 -10
v 11 0
v -1 2 3 4 5 -6 7 -8 -9 10
v -11 0
v -1 2 3 4 5 -6 7 -8 -9 10
v 11 0
v -1 2 3 4 5 -6 7 -8 9 -10
v -11 0
v -1 2 3 4 5 -6 7 -8 9 -10
v 11 0
v -1 2 3 4 5 -6 7 -8 9 10
v -11 0
v -1 2 3 4 5 -6 7 -8 9 10
v 11 0
v -1 2 3 4 5 -6 7 8 -9 -10
v -11 0
v -1 2 3 4 5 -6 7 8 -9 -10
v 11 0
v -1 2 3 4 5 -6 7 8 -9 10
v -11 0
v -1 2 3 4 5 -6 7 8 -9 10
v 11 0
v -1 2 3 4 5 -6 7 8 9 -10
v -11 0
v -1 2 3 4 5 -6 7 8 9 -10
v 11 0
v -1 2 3 4 5 -6 7 8 9 10
v -11 0
v -1 2 3 4 5 -6 7 8 9 10
v 11 0
v -1 2 3 4 5 6 -7 -8 -9 -10
v -11 0
v -1 2 3 4 5 6 -7 -8 -9 -10
v 11 0
v -1 2 3 4 5 6 -7 -8 -9 10
v -11 0
v -1 2 3 4 5 6 -7 -8 -9 10
v 11 0
v -1 2 3 4 5 6 -7 -8 9 -10
v -11 0
v -1 2 3 4 5 6 -7 -8 9 -10
v 11 0
v -1 2 3 4 5 6 -7 -8 9 10
v -11 0
v -1 2 3 4 5 6 -7 -8 9 10
v 11 0
v -1 2 3 4 5 6 -7 8 -9 -10
v -11 0
v -1 2 3 4 5 6 -7 8 -9 -10
v 11 0
v -1 2 3 4 5 6 -7 8 -9 10
v -11 0
v -1 2 3 4 5 6 -7 8 -9 10
v 11 0
v -1 2 3 4 5 6 -7 8 9 -10
v -11 0
v -1 2 3 4 5 6 -7 8 9 -10
v 11 0
v -1 2 3 4 5 6 -7 8 9 10
v -11 0
v -1 2 3 4 5 6 -7 8 9 10
v 11 0
v -1 2 3 4 5 6 7 -8 -9 -10
v -11 0
v -1 2 3 4 5 6 7 -8 -9 -10
v 11 0
v -1 2 3 4 5 6 7 -8 -9 10
v -11 0
v -1 2 3 4 5 6 7 -8 -9 10
v 11 0
v -1 2 3 4 5 6 7 -8 9 -10
v -11 0
v -1 2 3 4 5 6 7 -8 9 -10
v 11 0
v -1 2 3 4 5 6 7 -8 9 10
v -11 0
v -1 2 3 4 5 6 7 -8 9 10
v 11 0
v -1 2 3 4 5 6 7 8 -9 -10
v -11 0
v -1 2 3 4 5 6 7 8 -9 -10
v 11 0
v -1 2 3 4 5 6 7 8 -9 10
v -11 0
v -1 2 3 4 5 6 7 8 -9 10
v 11 0
v -1 2 3 4 5 6 7 8 9 -10
v -11 0
v -1 2 3 4 5 6 7 8 9 -10
v 11 0
v -1 2 3 4 5 6 7 8 9 10
v -11 0
v -1 2 3 4 5 6 7 8 9 10
v 11 0
v 1 -2 -3 -4 -5 -6 -7 -8 -9 -10
v 11 0
v 1 -2 -3 -4 -5 -6 -7 -8 -9 10
v -11 0
v 1 -2 -3 -4 -5 -6 -7 -8 -9 10
v 11 0
v 1 -2 -3 -4 -5 -6 -7 -8 9 -10
v -11 0
v 1 -2 -3 -4 -5 -6 -7 -8 9 -10
v 11 0
v 1 -2 -3 -4 -5 -6 -7 -8 9 10
v -11 0
v 1 -2 -3 -4 -5 -6 -7 -8 9 10
v 11 0
v 1 -2 -3 -4 -5 -6 -7 8 -9 -10
v -11 0
v 1 -2 -3 -4 -5 -6 -7 8 -9 -10
v 11 0
v 1 -2 -3 -4 -5 -6 -7 8 -9 10
v -11 0
v 1 -2 -3 -4 -5 -6 -7 8 -9 10
v 11 0
v 1 -2 -3 -4 -5 -6 -7 8 9 -10
v -11 0
v 1 -2 -3 -4 -5 -6 -7 8 9 -10
v 11 0
v 1 -2 -3 -4 -5 -6 -7 8 9 10
v -11 0
v 1 -2 -3 -4 -5 -6 -7 8 9 10
v 11 0
v 1 -2 -3 -4 -5 -6 7 -8 -9 -10
v -11 0
v 1 -2 -3 -4 -5 -6 7 -8 -9 -10
v 11 0
v 1 -2 -3 -4 -5 -6 7 -8 -9 10
v -11 0
v 1 -2 -3 -4 -5 -6 7 -8 -9 10
v 11 0
v 1 -2 -3 -4 -5 -6 7 -8 9 -10
v -11 0
v 1 -2 -3 -4 -5 -6 7 -8 9 -10
v 11 0
v 1 -2 -3 -4 -5 -6 7 -8 9 10
v -11 0
v 1 -2 -3 -4 -5 -6 7 -8 9 10
v 11 0
v 1 -2 -3 -4 -5 -6 7 8 -9 -10
v -11 0
v 1 -2 -3 -4 -5 -6 7 8 -9 -10
v 11 0
v 1 -2 -3 -4 -5 -6 7 8 -9 10
v -11 0
v 1 -2 -3 -4 -5 -6 7 8 -9 10
v 11 0
v 1 -2 -3 -4 -5 -6 7 8 9 -10
v -11 0
v 1 -2 -3 -4 -5 -6 7 8 9 -10
v 11 0
v 1 -2 -3 -4 -5 -6 7 8 9 10
v -11 0
v 1 -2 -3 -4 -5 -6 7 8 9 10
v 11 0
v 1 -2 -3 -4 -5 6 -7 -8 -9 -10
v -11 0
v 1 -2 -3 -4 -5 6 -7 -8 -9 -10
v 11 0
v 1 -2 -3 -4 -5 6 -7 -8 -9 10
v -11 0
v 1 -2 -3 -4 -5 6 -7 -8 -9 10
v 11 0
v 1 -2 -3 -4 -5 6 -7 -8 9 -10
v -11 0
v 1 -2 -3 -4 -5 6 -7 -8 9 -10
v 11 0
v 1 -2 -3 -4 -5 6 -7 -8 9 10
v -11 0
v 1 -2 -3 -4 -5 6 -7 -8 9 10
v 11 0
v 1 -2 -3 -4 -5 6 -7 8 -9 -10
v -11 0
v 1 -2 -3 -4 -5 6 -7 8 -9 -10
v 11 0
v 1 -2 -3 -4 -5 6 -7 8 -9 10
v -11 0
v 1 -2 -3 -4 -5 6 -7 8 -9 10
v 11 0
v 1 -2 -3 -4 -5 6 -7 8 9 -10
v -11 0
v 1 -2 -3 -4 -5 6 -7 8 9 -10
v 11 0
v 1 -2 -3 -4 -5 6 -7 8 9 10
v -11 0
v 1 -2 -3 -4 -5 6 -7 8 9 10
v 11 0
v 1 -2 -3 -4 -5 6 7 -8 -9 -10
v -11 0
v 1 -2 -3 -4 -5 6 7 -8 -9 -10
v 11 0
v 1 -2 -3 -4 -5 6 7 -8 -9 10
v -11 0
v 1 -2 -3 -4 -5 6 7 -8 -9 10
v 11 0
v 1 -2 -3 -4 -5 6 7 -8 9 -10
v -11 0
v 1 -2 -3 -4 -5 6 7 -8 9 -10
v 11 0
v 1 -2 -3 -4 -5 6 7 -8 9 10
v -11 0
v 1 -2 -3 -4 -5 6 7 -8 9 10
v 11 0
v 1 -2 -3 -4 -5 6 7 8 -9 -10
v -11 0
v 1 -2 -3 -4 -5 6 7 8 -9 -10
v 11 0
v 1 -2 -3 -4 -5 6 7 8 -9 10
v -11 0
v 1 -2 -3 -4 -5 6 7 8 -9 10
v 11 0
v 1 -2 -3 -4 -5 6 7 8 9 -10
v -11 0
v 1 -2 -3 -4 -5 6 7 8 9 -10
v 11 0
v 1 -2 -3 -4 -5 6 7 8 9 10
v -11 0
v 1 -2 -3 -4 -5 6 7 8 9 10
v 11 0
v 1 -2 -3 -4 5 -6 -7 -8 -9 -10
v -11 0
v 1 -2 -3 -4 5 -6 -7 -8 -9 -10
v 11 0
v 1 -2 -3 -4 5 -6 -7 -8 -9 10
v -11 0
v 1 -2 -3 -4 5 -6 -7 -8 -9 10
v 11 0
v 1 -2 -3 -4 5 -6 -7 -8 9 -10
v -11 0
v 1 -2 -3 -4 5 -6 -7 -8 9 -10
v 11 0
v 1 -2 -3 -4 5 -6 -7 -8 9 10
v -11 0
v 1 -2 -3 -4 5 -6 -7 -8 9 10
v 11 0
v 1 -2 -3 -4 5 -6 -7 8 -9 -10
v -11 0
v 1 -2 -3 -4 5 -6 -7 8 -9 -10
v 11 0
v 1 -2 -3 -4 5 -6 -7 8 -9 10
v -11 0
v 1 -2 -3 -4 5 -6 -7 8 -9 10
v 11 0
v 1 -2 -3 -4 5 -6 -7 8 9 -10
v -11 0
v 1 -2 -3 -4 5 -6 -7 8 9 -10
v 11 0
v 1 -2 -3 -4 5 -6 -7 8 9 10
v -11 0
v 1 -2 -3 -4 5 -6 -7 8 9 10
v 11 0
v 1 -2 -3 -4 5 -6 7 -8 -9 -10
v -11 0
v 1 -2 -3 -4 5 -6 7 -8 -9 -10
v 11 0
v 1 -2 -3 -4 5 -6 7 -8 -9 10
v -11 0
v 1 -2 -3 -4 5 -6 7 -8 -9 10
v 11 0
v 1 -2 -3 -4 5 -6 7 -8 9 -10
v -11 0
v 1 -2 -3 -4 5 -6 7 -8 9 -10
v 11 0
v 1 -2 -3 -4 5 -6 7 -8 9 10
v -11 0
v 1 -2 -3 -4 5 -6 7 -8 9 10
v 11 0
v 1 -2 -3 -4 5 -6 7 8 -9 -10
v -11 0
v 1 -2 -3 -4 5 -6 7 8 -9 -10
v 11 0
v 1 -2 -3 -4 5 -6 7 8 -9 10
v -11 0
v 1 -2 -3 -4 5 -6 7 8 -9 10
v 11 0
v 1 -2 -3 -4 5 -6 7 8 9 -10
v -11 0
v 1 -2 -3 -4 5 -6 7 8 9 -10
v 11 0
v 1 -2 -3 -4 5 -6 7 8 9 10
v -11 0
v 1 -2 -3 -4 5 -6 7 8 9 10
v 11 0
v 1 -2 -3 -4 5 6 -7 -8 -9 -10
v -11 0
v 1 -2 -3 -4 5 6 -7 -8 -9 -10
v 11 0
v 1 -2 -3 -4 5 6 -7 -8 -9 10
v -11 0
v 1 -2 -3 -4 5 6 -7 -8 -9 10
v 11 0
v 1 -2 -3 -4 5 6 -7 -8 9 -10
v -11 0
v 1 -2 -3 -4 5 6 -7 -8 9 -10
v 11 0
v 1 -2 -3 -4 5 6 -7 -8 9 10
v -11 0
v 1 -2 -3 -4 5 6 -7 -8 9 10
v 11 0
v 1 -2 -3 -4 5 6 -7 8 -9 -10
v -11 0
v 1 -2 -3 -4 5 6 -7 8 -9 -10
v 11 0
v 1 -2 -3 -4 5 6 -7 8 -9 10
v -11 0
v 1 -2 -3 -4 5 6 -7 8 -9 10
v 11 0
v 1 -2 -3 -4 5 6 -7 8 9 -10
v -11 0
v 1 -2 -3 -4 5 6 -7 8 9 -10
v 11 0
v 1 -2 -3 -4 5 6 -7 8 9 10
v -11 0
v 1 -2 -3 -4 5 6 -7 8 9 10
v 11 0
v 1 -2 -3 -4 5 6 7 -8 -9 -10
v -11 0
v 1 -2 -3 -4 5 6 7 -8 -9 -10
v 11 0
v 1 -2 -3 -4 5 6 7 -8 -9 10
v -11 0
v 1 -2 -3 -4 5 6 7 -8 -9 10
v 11 0
v 1 -2 -3 -4 5 6 7 -8 9 -10
v -11 0
v 1 -2 -3 -4 5 6 7 -8 9 -10
v 11 0
v 1 -2 -3 -4 5 6 7 -8 9 10
v -11 0
v 1 -2 -3 -4 5 6 7 -8 9 10
v 11 0
v 1 -2 -3 -4 5 6 7 8 -9 -10
v -11 0
v 1 -2 -3 -4 5 6 7 8 -9 -10
v 11 0
v 1 -2 -3 -4 5 6 7 8 -9 10
v -11 0
v 1 -2 -3 -4 5 6 7 8 -9 10
v 11 0
v 1 -2 -3 -4 5 6 7 8 9 -10
v -11 0
v 1 -2 -3 -4 5 6 7 8 9 -10
v 11 0
v 1 -2 -3 -4 5 6 7 8 9 10
v -11 0
v 1 -2 -3 -4 5 6 7 8 9 10
v 11 0
v 1 -2 -3 4 -5 -6 -7 -8 -9 -10
v -11 0
v 1 -2 -3 4 -5 -6 -7 -8 -9 -10
v 11 0
v 1 -2 -3 4 -5 -6 -7 -8 -9 10
v -11 0
v 1 -2 -3 4 -5 -6 -7 -8 -9 10
v 11 0
v 1 -2 -3 4 -5 -6 -7 -8 9 -10
v -11 0
v 1 -2 -3 4 -5 -6 -7 -8 9 -10
v 11 0
v 1 -2 -3 4 -5 -6 -7 -8 9 10
v -11 0
v 1 -2 -3 4 -5 -6 -7 -8 9 10
v 11 0
v 1 -2 -3 4 -5 -6 -7 8 -9 -10
v -11 0
v 1 -2 -3 4 -5 -6 -7 8 -9 -10
v 11 0
v 1 -2 -3 4 -5 -6 -7 8 -9 10
v -11 0
v 1 -2 -3 4 -5 -6 -7 8 -9 10
v 11 0
v 1 -2 -3 4 -5 -6 -7 8 9 -10
v -11 0
v 1 -2 -3 4 -5 -6 -7 8 9 -10
v 11 0
v 1 -2 -3 4 -5 -6 -7 8 9 10
v -11 0
v 1 -2 -3 4 -5 -6 -7 8 9 10
v 11 0
v 1 -2 -3 4 -5 -6 7 -8 -9 -10
v -11 0
v 1 -2 -3 4 -5 -6 7 -8 -9 -10
v 11 0
v 1 -2 -3 4 -5 -6 7 -8 -9 10
v -11 0
v 1 -2 -3 4 -5 -6 7 -8 -9 10
v 11 0
v 1 -2 -3 4 -5 -6 7 -8 9 -10
v -11 0
v 1 -2 -3 4 -5 -6 7 -8 9 -10
v 11 0
v 1 -2 -3 4 -5 -6 7 -8 9 10
v -11 0
v 1 -2 -3 4 -5 -6 7 -8 9 10
v 11 0
v 1 -2 -3 4 -5 -6 7 8 -9 -10
v -11 0
v 1 -2 -3 4 -5 -6 7 8 -9 -10
v 11 0
v 1 -2 -3 4 -5 -6 7 8 -9 10
v -11 0
v 1 -2 -3 4 -5 -6 7 8 -9 10
v 11 0
v 1 -2 -3 4 -5 -6 7 8 9 -10
v -11 0
v 1 -2 -3 4 -5 -6 7 8 9 -10
v 11 0
v 1 -2 -3 4 -5 -6 7 8 9 10
v -11 0
v 1 -2 -3 4 -5 -6 7 8 9 10
v 11 0
v 1 -2 -3 4 -5 6 -7 -8 -9 -10
v -11 0
v 1 -2 -3 4 -5 6 -7 -8 -9 -10
v 11 0
v 1 -2 -3 4 -5 6 -7 -8 -9 10
v -11 0
v 1 -2 -3 4 -5 6 -7 -8 -9 10
v 11 0
v 1 -2 -3 4 -5 6 -7 -8 9 -10
v -11 0
v 1 -2 -3 4 -5 6 -7 -8 9 -10
v 11 0
v 1 -2 -3 4 -5 6 -7 -8 9 10
v -11 0
v 1 -2 -3 4 -5 6 -7 -8 9 10
v 11 0
v 1 -2 -3 4 -5 6 -7 8 -9 -10
v -11 0
v 1 -2 -3 4 -5 6 -7 8 -9 -10
v 11 0
v 1 -2 -3 4 -5 6 -7 8 -9 10
v -11 0
v 1 -2 -3 4 -5 6 -7 8 -9 10
v 11 0
v 1 -2 -3 4 -5 6 -7 8 9 -10
v -11 0
v 1 -2 -3 4 -5 6 -7 8 9 -10
v 11 0
v 1 -2 -3 4 -5 6 -7 8 9 10
v -11 0
v 1 -2 -3 4 -5 6 -7 8 9 10
v 11 0
v 1 -2 -3 4 -5 6 7 -8 -9 -10
v -11 0
v 1 -2 -3 4 -5 6 7 -8 -9 -10
v 11 0
v 1 -2 -3 4 -5 6 7 -8 -9 10
v -11 0
v 1 -2 -3 4 -5 6 7 -8 -9 10
v 11 0
v 1 -2 -3 4 -5 6 7 -8 9 -10
v -11 0
v 1 -2 -3 4 -5 6 7 -8 9 -10
v 11 0
v 1 -2 -3 4 -5 6 7 -8 9 10
v -11 0
v 1 -2 -3 4 -5 6 7 -8 9 10
v 11 0
v 1 -2 -3 4 -5 6 7 8 -9 -10
v -11 0
v 1 -2 -3 4 -5 6 7 8 -9 -10
v 11 0
v 1 -2 -3 4 -5 6 7 8 -9 10
v -11 0
v 1 -2 -3 4 -5 6 7 8 -9 10
v 11 0
v 1 -2 -3 4 -5 6 7 8 9 -10
v -11 0
v 1 -2 -3 4 -5 6 7 8 9 -10
v 11 0
v 1 -2 -3 4 -5 6 7 8 9 10
v -11 0
v 1 -2 -3 4 -5 6 7 8 9 10
v 11 0
v 1 -2 -3 4 5 -6 -7 -8 -9 -10
v -11 0
v 1 -2 -3 4 5 -6 -7 -8 -9 -10
v 11 0
v 1 -2 -3 4 5 -6 -7 -8 -9 10
v -11 0
v 1 -2 -3 4 5 -6 -7 -8 -9 10
v 11 0
v 1 -2 -3 4 5 -6 -7 -8 9 -10
v -11 0
v 1 -2 -3 4 5 -6 -7 -8 9 -10
v 11 0
v 1 -2 -3 4 5 -6 -7 -8 9 10
v -11 0
v 1 -2 -3 4 5 -6 -7 -8 9 10
v 11 0
v 1 -2 -3 4 5 -6 -7 8 -9 -10
v -11 0
v 1 -2 -3 4 5 -6 -7 8 -9 -10
v 11 0
v 1 -2 -3 4 5 -6 -7 8 -9 10
v -11 0
v 1 -2 -3 4 5 -6 -7 8 -9 10
v 11 0
v 1 -2 -3 4 5 -6 -7 8 9 -10
v -11 0
v 1 -2 -3 4 5 -6 -7 8 9 -10
v 11 0
v 1 -2 -3 4 5 -6 -7 8 9 10
v -11 0
v 1 -2 -3 4 5 -6 -7 8 9 10
v 11 0
v 1 -2 -3 4 5 -6 7 -8 -9 -10
v -11 0
v 1 -2 -3 4 5 -6 7 -8 -9 -10
v 11 0
v 1 -2 -3 4 5 -6 7 -8 -9 10
v -11 0
v 1 -2 -3 4 5 -6 7 -8 -9 10
v 11 0
v 1 -2 -3 4 5 -6 7 -8 9 -10
v -11 0
v 1 -2 -3 4 5 -6 7 -8 9 -10
v 11 0
v 1 -2 -3 4 5 -6 7 -8 9 10
v -11 0
v 1 -2 -3 4 5 -6 7 -8 9 10
v 11 0
v 1 -2 -3 4 5 -6 7 8 -9 -10
v -11 0
v 1 -2 -3 4 5 -6 7 8 -9 -10
v 11 0
v 1 -2 -3 4 5 -6 7 8 -9 10
v -11 0
v 1 -2 -3 4 5 -6 7 8 -9 10
v 11 0
v 1 -2 -3 4 5 -6 7 8 9 -10
v -11 0
v 1 -2 -3 4 5 -6 7 8 9 -10
v 11 0
v 1 -2 -3 4 5 -6 7 8 9 10
v -11 0
v 1 -2 -3 4 5 -6 7 8 9 10
v 11 0
v 1 -2 -3 4 5 6 -7 -8 -9 -10
v -11 0
v 1 -2 -3 4 5 6 -7 -8 -9 -10
v 11 0
v 1 -2 -3 4 5 6 -7 -8 -9 10
v -11 0
v 1 -2 -3 4 5 6 -7 -8 -9 10
v 11 0
v 1 -2 -3 4 5 6 -7 -8 9 -10
v -11 0
v 1 -2 -3 4 5 6 -7 -8 9 -10
v 11 0
v 1 -2 -3 4 5 6 -7 -8 9 10
v -11 0
v 1 -2 -3 4 5 6 -7 -8 9 10
v 11 0
v 1 -2 -3 4 5 6 -7 8 -9 -10
v -11 0
v 1 -2 -3 4 5 6 -7 8 -9 -10
v 11 0
v 1 -2 -3 4 5 6 -7 8 -9 10
v -11 0
v 1 -2 -3 4 5 6 -7 8 -9 10
v 11 0
v 1 -2 -3 4 5 6 -7 8 9 -10
v -11 0
v 1 -2 -3 4 5 6 -7 8 9 -10
v 11 0
v 1 -2 -3 4 5 6 -7 8 9 10
v -11 0
v 1 -2 -3 4 5 6 -7 8 9 10
v 11 0
v 1 -2 -3 4 5 6 7 -8 -9 -10
v -11 0
v 1 -2 -3 4 5 6 7 -8 -9 -10
v 11 0
v 1 -2 -3 4 5 6 7 -8 -9 10
v -11 0
v 1 -2 -3 4 5 6 7 -8 -9 10
v 11 0
v 1 -2 -3 4 5 6 7 -8 9 -10
v -11 0
v 1 -2 -3 4 5 6 7 -8 9 -10
v 11 0
v 1 -2 -3 4 5 6 7 -8 9 10
v -11 0
v 1 -2 -3 4 5 6 7 -8 9 10
v 11 0
v 1 -2 -3 4 5 6 7 8 -9 -10
v -11 0
v 1 -2 -3 4 5 6 7 8 -9 -10
v 11 0
v 1 -2 -3 4 5 6 7 8 -9 10
v -11 0
v 1 -2 -3 4 5 6 7 8 -9 10
v 11 0
v 1 -2 -3 4 5 6 7 8 9 -10
v -11 0
v 1 -2 -3 4 5 6 7 8 9 -10
v 11 0
v 1 -2 -3 4 5 6 7 8 9 10
v -11 0
v 1 -2 -3 4 5 6 7 8 9 10
v 11 0
v 1 -2 3 -4 -5 -6 -7 -8 -9 -10
v -11 0
v 1 -2 3 -4 -5 -6 -7 -8 -9 -10
v 11 0
v 1 -2 3 -4 -5 -6 -7 -8 -9 10
v -11 0
v 1 -2 3 -4 -5 -6 -7 -8 -9 10
v 11 0
v 1 -2 3 -4 -5 -6 -7 -8 9 -10
v -11 0
v 1 -2 3 -4 -5 -6 -7 -8 9 -10
v 11 0
v 1 -2 3 -4 -5 -6 -7 -8 9 10
v -11 0
v 1 -2 3 -4 -5 -6 -7 -8 9 10
v 11 0
v 1 -2 3 -4 -5 -6 -7 8 -9 -10
v -11 0
v 1 -2 3 -4 -5 -6 -7 8 -9 -10
v 11 0
v 1 -2 3 -4 -5 -6 -7 8 -9 10
v -11 0
v 1 -2 3 -4 -5 -6 -7 8 -9 10
v 11 0
v 1 -2 3 -4 -5 -6 -7 8 9 -10
v -11 0
v 1 -2 3 -4 -5 -6 -7 8 9 -10
v 11 0
v 1 -2 3 -4 -5 -6 -7 8 9 10
v -11 0
v 1 -2 3 -4 -5 -6 -7 8 9 10
v 11 0
v 1 -2 3 -4 -5 -6 7 -8 -9 -10
v -11 0
v 1 -2 3 -4 -5 -6 7 -8 -9 -10
v 11 0
v 1 -2 3 -4 -5 -6 7 -8 -9 10
v -11 0
v 1 -2 3 -4 -5 -6 7 -8 -9 10
v 11 0
v 1 -2 3 -4 -5 -6 7 -8 9 -10
v -11 0
v 1 -2 3 -4 -5 -6 7 -8 9 -10
v 11 0
v 1 -2 3 -4 -5 -6 7 -8 9 10
v -11 0
v 1 -2 3 -4 -5 -6 7 -8 9 10
v 11 0
v 1 -2 3 -4 -5 -6 7 8 -9 -10
v -11 0
v 1 -2 3 -4 -5 -6 7 8 -9 -10
v 11 0
v 1 -2 3 -4 -5 -6 7 8 -9 10
v -11 0
v 1 -2 3 -4 -5 -6 7 8 -9 10
v 11 0
v 1 -2 3 -4 -5 -6 7 8 9 -10
v -11 0
v 1 -2 3 -4 -5 -6 7 8 9 -10
v 11 0
v 1 -2 3 -4 -5 -6 7 8 9 10
v -11 0
v 1 -2 3 -4 -5 -6 7 8 9 10
v 11 0
v 1 -2 3 -4 -5 6 -7 -8 -9 -10
v -11 0
v 1 -2 3 -4 -5 6 -7 -8 -9 -10
v 11 0
v 1 -2 3 -4 -5 6 -7 -8 -9 10
v -11 0
v 1 -2 3 -4 -5 6 -7 -8 -9 10
v 11 0
v 1 -2 3 -4 -5 6 -7 -8 9 -10
v -11 0
v 1 -2 3 -4 -5 6 -7 -8 9 -10
v 11 0
v 1 -2 3 -4 -5 6 -7 -8 9 10
v -11 0
v 1 -2 3 -4 -5 6 -7 -8 9 10
v 11 0
v 1 -2 3 -4 -5 6 -7 8 -9 -10
v -11 0
v 1 -2 3 -4 -5 6 -7 8 -9 -10
v 11 0
v 1 -2 3 -4 -5 6 -7 8 -9 10
v -11 0
v 1 -2 3 -4 -5 6 -7 8 -9 10
v 11 0
v 1 -2 3 -4 -5 6 -7 8 9 -10
v -11 0
v 1 -2 3 -4 -5 6 -7 8 9 -10
v 11 0
v 1 -2 3 -4 -5 6 -7 8 9 10
v -11 0
v 1 -2 3 -4 -5 6 -7 8 9 10
v 11 0
v 1 -2 3 -4 -5 6 7 -8 -9 -10
v -11 0
v 1 -2 3 -4 -5 6 7 -8 -9 -10
v 11 0
v 1 -2 3 -4 -5 6 7 -8 -9 10
v -11 0
v 1 -2 3 -4 -5 6 7 -8 -9 10
v 11 0
v 1 -2 3 -4 -5 6 7 -8 9 -10
v -11 0
v 1 -2 3 -4 -5 6 7 -8 9 -10
v 11 0
v 1 -2 3 -4 -5 6 7 -8 9 10
v -11 0
v 1 -2 3 -4 -5 6 7 -8 9 10
v 11 0
v 1 -2 3 -4 -5 6 7 8 -9 -10
v -11 0
v 1 -2 3 -4 -5 6 7 8 -9 -10
v 11 0
v 1 -2 3 -4 -5 6 7 8 -9 10
v -11 0
v 1 -2 3 -4 -5 6 7 8 -9 10
v 11 0
v 1 -2 3 -4 -5 6 7 8 9 -10
v -11 0
v 1 -2 3 -4 -5 6 7 8 9 -10
v 11 0
v 1 -2 3 -4 -5 6 7 8 9 10
v -11 0
v 1 -2 3 -4 -5 6 7 8 9 10
v 11 0
v 1 -2 3 -4 5 -6 -7 -8 -9 -10
v -11 0
v 1 -2 3 -4 5 -6 -7 -8 -9 -10
v 11 0
v 1 -2 3 -4 5 -6 -7 -8 -9 10
v -11 0
v 1 -2 3 -4 5 -6 -7 -8 -9 10
v 11 0
v 1 -2 3 -4 5 -6 -7 -8 9 -10
v -11 0
v 1 -2 3 -4 5 -6 -7 -8 9 -10
v 11 0
v 1 -2 3 -4 5 -6 -7 -8 9 10
v -11 0
v 1 -2 3 -4 5 -6 -7 -8 9 10
v 11 0
v 1 -2 3 -4 5 -6 -7 8 -9 -10
v -11 0
v 1 -2 3 -4 5 -6 -7 8 -9 -10
v 11 0
v 1 -2 3 -4 5 -6 -7 8 -9 10
v -11 0
v 1 -2 3 -4 5 -6 -7 8 -9 10
v 11 0
v 1 -2 3 -4 5 -6 -7 8 9 -10
v -11 0
v 1 -2 3 -4 5 -6 -7 8 9 -10
v 11 0
v 1 -2 3 -4 5 -6 -7 8 9 10
v -11 0
v 1 -2 3 -4 5 -6 -7 8 9 10
v 11 0
v 1 -2 3 -4 5 -6 7 -8 -9 -10
v -11 0
v 1 -2 3 -4 5 -6 7 -8 -9 -10
v 11 0
v 1 -2 3 -4 5 -6 7 -8 -9 10
v -11 0
v 1 -2 3 -4 5 -6 7 -8 -9 10
v 11 0
v 1 -2 3 -4 5 -6 7 -8 9 -10
v -11 0
v 1 -2 3 -4 5 -6 7 -8 9 -10
v 11 0
v 1 -2 3 -4 5 -6 7 -8 9 10
v -11 0
v 1 -2 3 -4 5 -6 7 -8 9 10
v 11 0
v 1 -2 3 -4 5 -6 7 8 -9 -10
v -11 0
v 1 -2 3 -4 5 -6 7 8 -9 -10
v 11 0
v 1 -2 3 -4 5 -6 7 8 -9 10
v -11 0
v 1 -2 3 -4 5 -6 7 8 -9 10
v 11 0
v 1 -2 3 -4 5 -6 7 8 9 -10
v -11 0
v 1 -2 3 -4 5 -6 7 8 9 -10
v 11 0
v 1 -2 3 -4 5 -6 7 8 9 10
v -11 0
v 1 -2 3 -4 5 -6 7 8 9 10
v 11 0
v 1 -2 3 -4 5 6 -7 -8 -9 -10
v -11 0
v 1 -2 3 -4 5 6 -7 -8 -9 -10
v 11 0
v 1 -2 3 -4 5 6 -7 -8 -9 10
v -11 0
v 1 -2 3 -4 5 6 -7 -8 -9 10
v 11 0
v 1 -2 3 -4 5 6 -7 -8 9 -10
v -11 0
v 1 -2 3 -4 5 6 -7 -8 9 -10
v 11 0
v 1 -2 3 -4 5 6 -7 -8 9 10
v -11 0
v 1 -2 3 -4 5 6 -7 -8 9 10
v 11 0
v 1 -2 3 -4 5 6 -7 8 -9 -10
v -11 0
v 1 -2 3 -4 5 6 -7 8 -9 -10
v 11 0
v 1 -2 3 -4 5 6 -7 8 -9 10
v -11 0
v 1 -2 3 -4 5 6 -7 8 -9 10
v 11 0
v 1 -2 3 -4 5 6 -7 8 9 -10
v -11 0
v 1 -2 3 -4 5 6 -7 8 9 -10
v 11 0
v 1 -2 3 -4 5 6 -7 8 9 10
v -11 0
v 1 -2 3 -4 5 6 -7 8 9 10
v 11 0
v 1 -2 3 -4 5 6 7 -8 -9 -10
v -11 0
v 1 -2 3 -4 5 6 7 -8 -9 -10
v 11 0
v 1 -2 3 -4 5 6 7 -8 -9 10
v -11 0
v 1 -2 3 -4 5 6 7 -8 -9 10
v 11 0
v 1 -2 3 -4 5 6 7 -8 9 -10
v -11 0
v 1 -2 3 -4 5 6 7 -8 9 -10
v 11 0
v 1 -2 3 -4 5 6 7 -8 9 10
v -11 0
v 1 -2 3 -4 5 6 7 -8 9 10
v 11 0
v 1 -2 3 -4 5 6 7 8 -9 -10
v -11 0
v 1 -2 3 -4 5 6 7 8 -9 -10
v 11 0
v 1 -2 3 -4 5 6 7 8 -9 10
v -11 0
v 1 -2 3 -4 5 6 7 8 -9 10
v 11 0
v 1 -2 3 -4 5 6 7 8 9 -10
v -11 0
v 1 -2 3 -4 5 6 7 8 9 -10
v 11 0
v 1 -2 3 -4 5 6 7 8 9 10
v -11 0
v 1 -2 3 -4 5 6 7 8 9 10
v 11 0
v 1 -2 3 4 -5 -6 -7 -8 -9 -10
v -11 0
v 1 -2 3 4 -5 -6 -7 -8 -9 -10
v 11 0
v 1 -2 3 4 -5 -6 -7 -8 -9 10
v -11 0
v 1 -2 3 4 -5 -6 -7 -8 -9 10
v 11 0
v 1 -2 3 4 -5 -6 -7 -8 9 -10
v -11 0
v 1 -2 3 4 -5 -6 -7 -8 9 -10
v 11 0
v 1 -2 3 4 -5 -6 -7 -8 9 10
v -11 0
v 1 -2 3 4 -5 -6 -7 -8 9 10
v 11 0
v 1 -2 3 4 -5 -6 -7 8 -9 -10
v -11 0
v 1 -2 3 4 -5 -6 -7 8 -9 -10
v 11 0
v 1 -2 3 4 -5 -6 -7 8 -9 10
v -11 0
v 1 -2 3 4 -5 -6 -7 8 -9 10
v 11 0
v 1 -2 3 4 -5 -6 -7 8 9 -10
v -11 0
v 1 -2 3 4 -5 -6 -7 8 9 -10
v 11 0
v 1 -2 3 4 -5 -6 -7 8 9 10
v -11 0
v 1 -2 3 4 -5 -6 -7 8 9 10
v 11 0
v 1 -2 3 4 -5 -6 7 -8 -9 -10
v -11 0
v 1 -2 3 4 -5 -6 7 -8 -9 -10
v 11 0
v 1 -2 3 4 -5 -6 7 -8 -9 10
v -11 0
v 1 -2 3 4 -5 -6 7 -8 -9 10
v 11 0
v 1 -2 3 4 -5 -6 7 -8 9 -10
v -11 0
v 1 -2 3 4 -5 -6 7 -8 9 -10
v 11 0
v 1 -2 3 4 -5 -6 7 -8 9 10
v -11 0
v 1 -2 3 4 -5 -6 7 -8 9 10
v 11 0
v 1 -2 3 4 -5 -6 7 8 -9 -10
v -11 0
v 1 -2 3 4 -5 -6 7 8 -9 -10
v 11 0
v 1 -2 3 4 -5 -6 7 8 -9 10
v -11 0
v 1 -2 3 4 -5 -6 7 8 -9 10
v 11 0
v 1 -2 3 4 -5 -6 7 8 9 -10
v -11 0
v 1 -2 3 4 -5 -6 7 8 9 -10
v 11 0
v 1 -2 3 4 -5 -6 7 8 9 10
v -11 0
v 1 -2 3 4 -5 -6 7 8 9 10
v 11 0
v 1 -2 3 4 -5 6 -7 -8 -9 -10
v -11 0
v 1 -2 3 4 -5 6 -7 -8 -9 -10
v 11 0
v 1 -2 3 4 -5 6 -7 -8 -9 10
v -11 0
v 1 -2 3 4 -5 6 -7 -8 -9 10
v 11 0
v 1 -2 3 4 -5 6 -7 -8 9 -10
v -11 0
v 1 -2 3 4 -5 6 -7 -8 9 -10
v 11 0
v 1 -2 3 4 -5 6 -7 -8 9 10
v -11 0
v 1 -2 3 4 -5 6 -7 -8 9 10
v 11 0
v 1 -2 3 4 -5 6 -7 8 -9 -10
v -11 0
v 1 -2 3 4 -5 6 -7 8 -9 -10
v 11 0
v 1 -2 3 4 -5 6 -7 8 -9 10
v -11 0
v 1 -2 3 4 -5 6 -7 8 -9 10
v 11 0
v 1 -2 3 4 -5 6 -7 8 9 -10
v -11 0
v 1 -2 3 4 -5 6 -7 8 9 -10
v 11 0
v 1 -2 3 4 -5 6 -7 8 9 10
v -11 0
v 1 -2 3 4 -5 6 -7 8 9 10
v 11 0
v 1 -2 3 4 -5 6 7 -8 -9 -10
v -11 0
v 1 -2 3 4 -5 6 7 -8 -9 -10
v 11 0
v 1 -2 3 4 -5 6 7 -8 -9 10
v -11 0
v 1 -2 3 4 -5 6 7 -8 -9 10
v 11 0
v 1 -2 3 4 -5 6 7 -8 9 -10
v -11 0
v 1 -2 3 4 -5 6 7 -8 9 -10
v 11 0
v 1 -2 3 4 -5 6 7 -8 9 10
v -11 0
v 1 -2 3 4 -5 6 7 -8 9 10
v 11 0
v 1 -2 3 4 -5 6 7 8 -9 -10
v -11 0
v 1 -2 3 4 -5 6 7 8 -9 -10
v 11 0
v 1 -2 3 4 -5 6 7 8 -9 10
v -11 0
v 1 -2 3 4 -5 6 7 8 -9 10
v 11 0
v 1 -2 3 4 -5 6 7 8 9 -10
v -11 0
v 1 -2 3 4 -5 6 7 8 9 -10
v 11 0
v 1 -2 3 4 -5 6 7 8 9 10
v -11 0
v 1 -2 3 4 -5 6 7 8 9 10
v 11 0
v 1 -2 3 4 5 -6 -7 -8 -9 -10
v -11 0
v 1 -2 3 4 5 -6 -7 -8 -9 -10
v 11 0
v 1 -2 3 4 5 -6 -7 -8 -9 10
v -11 0
v 1 -2 3 4 5 -6 -7 -8 -9 10
v 11 0
v 1 -2 3 4 5 -6 -7 -8 9 -10
v -11 0
v 1 -2 3 4 5 -6 -7 -8 9 -10
v 11 0
v 1 -2 3 4 5 -6 -7 -8 9 10
v -11 0
v 1 -2 3 4 5 -6 -7 -8 9 10
v 11 0
v 1 -2 3 4 5 -6 -7 8 -9 -10
v -11 0
v 1 -2 3 4 5 -6 -7 8 -9 -10
v 11 0
v 1 -2 3 4 5 -6 -7 8 -9 10
v -11 0
v 1 -2 3 4 5 -6 -7 8 -9 10
v 11 0
v 1 -2 3 4 5 -6 -7 8 9 -10
v -11 0
v 1 -2 3 4 5 -6 -7 8 9 -10
v 11 0
v 1 -2 3 4 5 -6 -7 8 9 10
v -11 0
v 1 -2 3 4 5 -6 -7 8 9 10
v 11 0
v 1 -2 3 4 5 -6 7 -8 -9 -10
v -11 0
v 1 -2 3 4 5 -6 7 -8 -9 -10
v 11 0
v 1 -2 3 4 5 -6 7 -8 -9 10
v -11 0
v 1 -2 3 4 5 -6 7 -8 -9 10
v 11 0
v 1 -2 3 4 5 -6 7 -8 9 -10
v -11 0
v 1 -2 3 4 5 -6 7 -8 9 -10
v 11 0
v 1 -2 3 4 5 -6 7 -8 9 10
v -11 0
v 1 -2 3 4 5 -6 7 -8 9 10
v 11 0
v 1 -2 3 4 5 -6 7 8 -9 -10
v -11 0
v 1 -2 3 4 5 -6 7 8 -9 -10
v 11 0
v 1 -2 3 4 5 -6 7 8 -9 10
v -11 0
v 1 -2 3 4 5 -6 7 8 -9 10
v 11 0
v 1 -2 3 4 5 -6 7 8 9 -10
v -11 0
v 1 -2 3 4 5 -6 7 8 9 -10
v 11 0
v 1 -2 3 4 5 -6 7 8 9 10
v -11 0
v 1 -2 3 4 5 -6 7 8 9 10
v 11 0
v 1 -2 3 4 5 6 -7 -8 -9 -10
v -11 0
v 1 -2 3 4 5 6 -7 -8 -9 -10
v 11 0
v 1 -2 3 4 5 6 -7 -8 -9 10
v -11 0
v 1 -2 3 4 5 6 -7 -8 -9 10
v 11 0
v 1 -2 3 4 5 6 -7 -8 9 -10
v -11 0
v 1 -2 3 4 5 6 -7 -8 9 -10
v 11 0
v 1 -2 3 4 5 6 -7 -8 9 10
v -11 0
v 1 -2 3 4 5 6 -7 -8 9 10
v 11 0
v 1 -2 3 4 5 6 -7 8 -9 -10
v -11 0
v 1 -2 3 4 5 6 -7 8 -9 -10
v 11 0
v 1 -2 3 4 5 6 -7 8 -9 10
v -11 0
v 1 -2 3 4 5 6 -7 8 -9 10
v 11 0
v 1 -2 3 4 5 6 -7 8 9 -10
v -11 0
v 1 -2 3 4 5 6 -7 8 9 -10
v 11 0
v 1 -2 3 4 5 6 -7 8 9 10
v -11 0
v 1 -2 3 4 5 6 -7 8 9 10
v 11 0
v 1 -2 3 4 5 6 7 -8 -9 -10
v -11 0
v 1 -2 3 4 5 6 7 -8 -9 -10
v 11 0
v 1 -2 3 4 5 6 7 -8 -9 10
v -11 0
v 1 -2 3 4 5 6 7 -8 -9 10
v 11 0
v 1 -2 3 4 5 6 7 -8 9 -10
v -11 0
v 1 -2 3 4 5 6 7 -8 9 -10
v 11 0
v 1 -2 3 4 5 6 7 -8 9 10
v -11 0
v 1 -2 3 4 5 6 7 -8 9 10
v 11 0
v 1 -2 3 4 5 6 7 8 -9 -10
v -11 0
v 1 -2 3 4 5 6 7 8 -9 -10
v 11 0
v 1 -2 3 4 5 6 7 8 -9 10
v -11 0
v 1 -2 3 4 5 6 7 8 -9 10
v 11 0
v 1 -2 3 4 5 6 7 8 9 -10
v -11 0
v 1 -2 3 4 5 6 7 8 9 -10
v 11 0
v 1 -2 3 4 5 6 7 8 9 10
v -11 0
v 1 -2 3 4 5 6 7 8 9 10
v 11 0
v 1 2 -3 -4 -5 -6 -7 -8 -9 -10
v -11 0
v 1 2 -3 -4 -5 -6 -7 -8 -9 -10
v 11 0
v 1 2 -3 -4 -5 -6 -7 -8 -9 10
v -11 0
v 1 2 -3 -4 -5 -6 -7 -8 -9 10
v 11 0
v 1 2 -3 -4 -5 -6 -7 -8 9 -10
v -11 0
v 1 2 -3 -4 -5 -6 -7 -8 9 -10
v 11 0
v 1 2 -3 -4 -5 -6 -7 -8 9 10
v -11 0
v 1 2 -3 -4 -5 -6 -7 -8 9 10
v 11 0
v 1 2 -3 -4 -5 -6 -7 8 -9 -10
v -11 0
v 1 2 -3 -4 -5 -6 -7 8 -9 -10
v 11 0
v 1 2 -3 -4 -5 -6 -7 8 -9 10
v -11 0
v 1 2 -3 -4 -5 -6 -7 8 -9 10
v 11 0
v 1 2 -3 -4 -5 -6 -7 8 9 -10
v -11 0
v 1 2 -3 -4 -5 -6 -7 8 9 -10
v 11 0
v 1 2 -3 -4 -5 -6 -7 8 9 10
v -11 0
v 1 2 -3 -4 -5 -6 -7 8 9 10
v 11 0
v 1 2 -3 -4 -5 -6 7 -8 -9 -10
v -11 0
v 1 2 -3 -4 -5 -6 7 -8 -9 -10
v 11 0
v 1 2 -3 -4 -5 -6 7 -8 -9 10
v -11 0
v 1 2 -3 -4 -5 -6 7 -8 -9 10
v 11 0
v 1 2 -3 -4 -5 -6 7 -8 9 -10
v -11 0
v 1 2 -3 -4 -5 -6 7 -8 9 -10
v 11 0
v 1 2 -3 -4 -5 -6 7 -8 9 10
v -11 0
v 1 2 -3 -4 -5 -6 7 -8 9 10
v 11 0
v 1 2 -3 -4 -5 -6 7 8 -9 -10
v -11 0
v 1 2 -3 -4 -5 -6 7 8 -9 -10
v 11 0
v 1 2 -3 -4 -5 -6 7 8 -9 10
v -11 0
v 1 2 -3 -4 -5 -6 7 8 -9 10
v 11 0
v 1 2 -3 -4 -5 -6 7 8 9 -10
v -11 0
v 1 2 -3 -4 -5 -6 7 8 9 -10
v 11 0
v 1 2 -3 -4 -5 -6 7 8 9 10
v -11 0
v 1 2 -3 -4 -5 -6 7 8 9 10
v 11 0
v 1 2 -3 -4 -5 6 -7 -8 -9 -10
v -11 0
v 1 2 -3 -4 -5 6 -7 -8 -9 -10
v 11 0
v 1 2 -3 -4 -5 6 -7 -8 -9 10
v -11 0
v 1 2 -3 -4 -5 6 -7 -8 -9 10
v 11 0
v 1 2 -3 -4 -5 6 -7 -8 9 -10
v -11 0
v 1 2 -3 -4 -5 6 -7 -8 9 -10
v 11 0
v 1 2 -3 -4 -5 6 -7 -8 9 10
v -11 0
v 1 2 -3 -4 -5 6 -7 -8 9 10
v 11 0
v 1 2 -3 -4 -5 6 -7 8 -9 -10
v -11 0
v 1 2 -3 -4 -5 6 -7 8 -9 -10
v 11 0
v 1 2 -3 -4 -5 6 -7 8 -9 10
v -11 0
v 1 2 -3 -4 -5 6 -7 8 -9 10
v 11 0
v 1 2 -3 -4 -5 6 -7 8 9 -10
v -11 0
v 1 2 -3 -4 -5 6 -7 8 9 -10
v 11 0
v 1 2 -3 -4 -5 6 -7 8 9 10
v -11 0
v 1 2 -3 -4 -5 6 -7 8 9 10
v 11 0
v 1 2 -3 -4 -5 6 7 -8 -9 -10
v -11 0
v 1 2 -3 -4 -5 6 7 -8 -9 -10
v 11 0
v 1 2 -3 -4 -5 6 7 -8 -9 10
v -11 0
v 1 2 -3 -4 -5 6 7 -8 -9 10
v 11 0
v 1 2 -3 -4 -5 6 7 -8 9 -10
v -11 0
v 1 2 -3 -4 -5 6 7 -8 9 -10
v 11 0
v 1 2 -3 -4 -5 6 7 -8 9 10
v -11 0
v 1 2 -3 -4 -5 6 7 -8 9 10
v 11 0
v 1 2 -3 -4 -5 6 7 8 -9 -10
v -11 0
v 1 2 -3 -4 -5 6 7 8 -9 -10
v 11 0
v 1 2 -3 -4 -5 6 7 8 -9 10
v -11 0
v 1 2 -3 -4 -5 6 7 8 -9 10
v 11 0
v 1 2 -3 -4 -5 6 7 8 9 -10
v -11 0
v 1 2 -3 -4 -5 6 7 8 9 -10
v 11 0
v 1 2 -3 -4 -5 6 7 8 9 10
v -11 0
v 1 2 -3 -4 -5 6 7 8 9 10
v 11 0
v 1 2 -3 -4 5 -6 -7 -8 -9 -10
v -11 0
v 1 2 -3 -4 5 -6 -7 -8 -9 -10
v 11 0
v 1 2 -3 -4 5 -6 -7 -8 -9 10
v -11 0
v 1 2 -3 -4 5 -6 -7 -8 -9 10
v 11 0
v 1 2 -3 -4 5 -6 -7 -8 9 -10
v -11 0
v 1 2 -3 -4 5 -6 -7 -8 9 -10
v 11 0
v 1 2 -3 -4 5 -6 -7 -8 9 10
v -11 0
v 1 2 -3 -4 5 -6 -7 -8 9 10
v 11 0
v 1 2 -3 -4 5 -6 -7 8 -9 -10
v -11 0
v 1 2 -3 -4 5 -6 -7 8 -9 -10
v 11 0
v 1 2 -3 -4 5 -6 -7 8 -9 10
v -11 0
v 1 2 -3 -4 5 -6 -7 8 -9 10
v 11 0
v 1 2 -3 -4 5 -6 -7 8 9 -10
v -11 0
v 1 2 -3 -4 5 -6 -7 8 9 -10
v 11 0
v 1 2 -3 -4 5 -6 -7 8 9 10
v -11 0
v 1 2 -3 -4 5 -6 -7 8 9 10
v 11 0
v 1 2 -3 -4 5 -6 7 -8 -9 -10
v -11 0
v 1 2 -3 -4 5 -6 7 -8 -9 -10
v 11 0
v 1 2 -3 -4 5 -6 7 -8 -9 10
v -11 0
v 1 2 -3 -4 5 -6 7 -8 -9 10
v 11 0
v 1 2 -3 -4 5 -6 7 -8 9 -10
v -11 0
v 1 2 -3 -4 5 -6 7 -8 9 -10
v 11 0
v 1 2 -3 -4 5 -6 7 -8 9 10
v -11 0
v 1 2 -3 -4 5 -6 7 -8 9 10
v 11 0
v 1 2 -3 -4 5 -6 7 8 -9 -10
v -11 0
v 1 2 -3 -4 5 -6 7 8 -9 -10
v 11 0
v 1 2 -3 -4 5 -6 7 8 -9 10
v -11 0
v 1 2 -3 -4 5 -6 7 8 -9 10
v 11 0
v 1 2 -3 -4 5 -6 7 8 9 -10
v -11 0
v 1 2 -3 -4 5 -6 7 8 9 -10
v 11 0
v 1 2 -3 -4 5 -6 7 8 9 10
v -11 0
v 1 2 -3 -4 5 -6 7 8 9 10
v 11 0
v 1 2 -3 -4 5 6 -7 -8 -9 -10
v -11 0
v 1 2 -3 -4 5 6 -7 -8 -9 -10
v 11 0
v 1 2 -3 -4 5 6 -7 -8 -9 10
v -11 0
v 1 2 -3 -4 5 6 -7 -8 -9 10
v 11 0
v 1 2 -3 -4 5 6 -7 -8 9 -10
v -11 0
v 1 2 -3 -4 5 6 -7 -8 9 -10
v 11 0
v 1 2 -3 -4 5 6 -7 -8 9 10
v -11 0
v 1 2 -3 -4 5 6 -7 -8 9 10
v 11 0
v 1 2 -3 -4 5 6 -7 8 -9 -10
v -11 0
v 1 2 -3 -4 5 6 -7 8 -9 -10
v 11 0
v 1 2 -3 -4 5 6 -7 8 -9 10
v -11 0
v 1 2 -3 -4 5 6 -7 8 -9 10
v 11 0
v 1 2 -3 -4 5 6 -7 8 9 -10
v -11 0
v 1 2 -3 -4 5 6 -7 8 9 -10
v 11 0
v 1 2 -3 -4 5 6 -7 8 9 10
v -11 0
v 1 2 -3 -4 5 6 -7 8 9 10
v 11 0
v 1 2 -3 -4 5 6 7 -8 -9 -10
v -11 0
v 1 2 -3 -4 5 6 7 -8 -9 -10
v 11 0
v 1 2 -3 -4 5 6 7 -8 -9 10
v -11 0
v 1 2 -3 -4 5 6 7 -8 -9 10
v 11 0
v 1 2 -3 -4 5 6 7 -8 9 -10
v -11 0
v 1 2 -3 -4 5 6 7 -8 9 -10
v 11 0
v 1 2 -3 -4 5 6 7 -8 9 10
v -11 0
v 1 2 -3 -4 5 6 7 -8 9 10
v 11 0
v 1 2 -3 -4 5 6 7 8 -9 -10
v -11 0
v 1 2 -3 -4 5 6 7 8 -9 -10
v 11 0
v 1 2 -3 -4 5 6 7 8 -9 10
v -11 0
v 1 2 -3 -4 5 6 7 8 -9 10
v 11 0
v 1 2 -3 -4 5 6 7 8 9 -10
v -11 0
v 1 2 -3 -4 5 6 7 8 9 -10
v 11 0
v 1 2 -3 -4 5 6 7 8 9 10
v -11 0
v 1 2 -3 -4 5 6 7 8 9 10
v 11 0
v 1 2 -3 4 -5 -6 -7 -8 -9 -10
v -11 0
v 1 2 -3 4 -5 -6 -7 -8 -9 -10
v 11 0
v 1 2 -3 4 -5 -6 -7 -8 -9 10
v -11 0
v 1 2 -3 4 -5 -6 -7 -8 -9 10
v 11 0
v 1 2 -3 4 -5 -6 -7 -8 9 -10
v -11 0
v 1 2 -3 4 -5 -6 -7 -8 9 -10
v 11 0
v 1 2 -3 4 -5 -6 -7 -8 9 10
v -11 0
v 1 2 -3 4 -5 -6 -7 -8 9 10
v 11 0
v 1 2 -3 4 -5 -6 -7 8 -9 -10
v -11 0
v 1 2 -3 4 -5 -6 -7 8 -9 -10
v 11 0
v 1 2 -3 4 -5 -6 -7 8 -9 10
v -11 0
v 1 2 -3 4 -5 -6 -7 8 -9 10
v 11 0
v 1 2 -3 4 -5 -6 -7 8 9 -10
v -11 0
v 1 2 -3 4 -5 -6 -7 8 9 -10
v 11 0
v 1 2 -3 4 -5 -6 -7 8 9 10
v -11 0
v 1 2 -3 4 -5 -6 -7 8 9 10
v 11 0
v 1 2 -3 4 -5 -6 7 -8 -9 -10
v -11 0
v 1 2 -3 4 -5 -6 7 -8 -9 -10
v 11 0
v 1 2 -3 4 -5 -6 7 -8 -9 10
v -11 0
v 1 2 -3 4 -5 -6 7 -8 -9 10
v 11 0
v 1 2 -3 4 -5 -6 7 -8 9 -10
v -11 0
v 1 2 -3 4 -5 -6 7 -8 9 -10
v 11 0
v 1 2 -3 4 -5 -6 7 -8 9 10
v -11 0
v 1 2 -3 4 -5 -6 7 -8 9 10
v 11 0
v 1 2 -3 4 -5 -6 7 8 -9 -10
v -11 0
v 1 2 -3 4 -5 -6 7 8 -9 -10
v 11 0
v 1 2 -3 4 -5 -6 7 8 -9 10
v -11 0
v 1 2 -3 4 -5 -6 7 8 -9 10
v 11 0
v 1 2 -3 4 -5 -6 7 8 9 -10
v -11 0
v 1 2 -3 4 -5 -6 7 8 9 -10
v 11 0
v 1 2 -3 4 -5 -6 7 8 9 10
v -11 0
v 1 2 -3 4 -5 -6 7 8 9 10
v 11 0
v 1 2 -3 4 -5 6 -7 -8 -9 -10
v -11 0
v 1 2 -3 4 -5 6 -7 -8 -9 -10
v 11 0
v 1 2 -3 4 -5 6 -7 -8 -9 10
v -11 0
v 1 2 -3 4 -5 6 -7 -8 -9 10
v 11 0
v 1 2 -3 4 -5 6 -7 -8 9 -10
v -11 0
v 1 2 -3 4 -5 6 -7 -8 9 -10
v 11 0
v 1 2 -3 4 -5 6 -7 -8 9 10
v -11 0
v 1 2 -3 4 -5 6 -7 -8 9 10
v 11 0
v 1 2 -3 4 -5 6 -7 8 -9 -10
v -11 0
v 1 2 -3 4 -5 6 -7 8 -9 -10
v 11 0
v 1 2 -3 4 -5 6 -7 8 -9 10
v -11 0
v 1 2 -3 4 -5 6 -7 8 -9 10
v 11 0
v 1 2 -3 4 -5 6 -7 8 9 -10
v -11 0
v 1 2 -3 4 -5 6 -7 8 9 -10
v 11 0
v 1 2 -3 4 -5 6 -7 8 9 10
v -11 0
v 1 2 -3 4 -5 6 -7 8 9 10
v 11 0
v 1 2 -3 4 -5 6 7 -8 -9 -10
v -11 0
v 1 2 -3 4 -5 6 7 -8 -9 -10
v 11 0
v 1 2 -3 4 -5 6 7 -8 -9 10
v -11 0
v 1 2 -3 4 -5 6 7 -8 -9 10
v 11 0
v 1 2 -3 4 -5 6 7 -8 9 -10
v -11 0
v 1 2 -3 4 -5 6 7 -8 9 -10
v 11 0
v 1 2 -3 4 -5 6 7 -8 9 10
v -11 0
v 1 2 -3 4 -5 6 7 -8 9 10
v 11 0
v 1 2 -3 4 -5 6 7 8 -9 -10
v -11 0
v 1 2 -3 4 -5 6 7 8 -9 -10
v 11 0
v 1 2 -3 4 -5 6 7 8 -9 10
v -11 0
v 1 2 -3 4 -5 6 7 8 -9 10
v 11 0
v 1 2 -3 4 -5 6 7 8 9 -10
v -11 0
v 1 2 -3 4 -5 6 7 8 9 -10
v 11 0
v 1 2 -3 4 -5 6 7 8 9 10
v -11 0
v 1 2 -3 4 -5 6 7 8 9 10
v 11 0
v 1 2 -3 4 5 -6 -7 -8 -9 -10
v -11 0
v 1 2 -3 4 5 -6 -7 -8 -9 -10
v 11 0
v 1 2 -3 4 5 -6 -7 -8 -9 10
v -11 0
v 1 2 -3 4 5 -6 -7 -8 -9 10
v 11 0
v 1 2 -3 4 5 -6 -7 -8 9 -10
v -11 0
v 1 2 -3 4 5 -6 -7 -8 9 -10
v 11 0
v 1 2 -3 4 5 -6 -7 -8 9 10
v -11 0
v 1 2 -3 4 5 -6 -7 -8 9 10
v 11 0
v 1 2 -3 4 5 -6 -7 8 -9 -10
v -11 0
v 1 2 -3 4 5 -6 -7 8 -9 -10
v 11 0
v 1 2 -3 4 5 -6 -7 8 -9 10
v -11 0
v 1 2 -3 4 5 -6 -7 8 -9 10
v 11 0
v 1 2 -3 4 5 -6 -7 8 9 -10
v -11 0
v 1 2 -3 4 5 -6 -7 8 9 -10
v 11 0
v 1 2 -3 4 5 -6 -7 8 9 10
v -11 0
v 1 2 -3 4 5 -6 -7 8 9 10
v 11 0
v 1 2 -3 4 5 -6 7 -8 -9 -10
v -11 0
v 1 2 -3 4 5 -6 7 -8 -9 -10
v 11 0
v 1 2 -3 4 5 -6 7 -8 -9 10
v -11 0
v 1 2 -3 4 5 -6 7 -8 -9 10
v 11 0
v 1 2 -3 4 5 -6 7 -8 9 -10
v -11 0
v 1 2 -3 4 5 -6 7 -8 9 -10
v 11 0
v 1 2 -3 4 5 -6 7 -8 9 10
v -11 0
v 1 2 -3 4 5 -6 7 -8 9 10
v 11 0
v 1 2 -3 4 5 -6 7 8 -9 -10
v -11 0
v 1 2 -3 4 5 -6 7 8 -9 -10
v 11 0
v 1 2 -3 4 5 -6 7 8 -9 10
v -11 0
v 1 2 -3 4 5 -6 7 8 -9 10
v 11 0
v 1 2 -3 4 5 -6 7 8 9 -10
v -11 0
v 1 2 -3 4 5 -6 7 8 9 -10
v 11 0
v 1 2 -3 4 5 -6 7 8 9 10
v -11 0
v 1 2 -3 4 5 -6 7 8 9 10
v 11 0
v 1 2 -3 4 5 6 -7 -8 -9 -10
v -11 0
v 1 2 -3 4 5 6 -7 -8 -9 -10
v 11 0
v 1 2 -3 4 5 6 -7 -8 -9 10
v -11 0
v 1 2 -3 4 5 6 -7 -8 -9 10
v 11 0
v 1 2 -3 4 5 6 -7 -8 9 -10
v -11 0
v 1 2 -3 4 5 6 -7 -8 9 -10
v 11 0
v 1 2 -3 4 5 6 -7 -8 9 10
v -11 0
v 1 2 -3 4 5 6 -7 -8 9 10
v 11 0
v 1 2 -3 4 5 6 -7 8 -9 -10
v -11 0
v 1 2 -3 4 5 6 -7 8 -9 -10
v 11 0
v 1 2 -3 4 5 6 -7 8 -9 10
v -11 0
v 1 2 -3 4 5 6 -7 8 -9 10
v 11 0
v 1 2 -3 4 5 6 -7 8 9 -10
v -11 0
v 1 2 -3 4 5 6 -7 8 9 -10
v 11 0
v 1 2 -3 4 5 6 -7 8 9 10
v -11 0
v 1 2 -3 4 5 6 -7 8 9 10
v 11 0
v 1 2 -3 4 5 6 7 -8 -9 -10
v -11 0
v 1 2 -3 4 5 6 7 -8 -9 -10
v 11 0
v 1 2 -3 4 5 6 7 -8 -9 10
v -11 0
v 1 2 -3 4 5 6 7 -8 -9 10
v 11 0
v 1 2 -3 4 5 6 7 -8 9 -10
v -11 0
v 1 2 -3 4 5 6 7 -8 9 -10
v 11 0
v 1 2 -3 4 5 6 7 -8 9 10
v -11 0
v 1 2 -3 4 5 6 7 -8 9 10
v 11 0
v 1 2 -3 4 5 6 7 8 -9 -10
v -11 0
v 1 2 -3 4 5 6 7 8 -9 -10
v 11 0
v 1 2 -3 4 5 6 7 8 -9 10
v -11 0
v 1 2 -3 4 5 6 7 8 -9 10
v 11 0
v 1 2 -3 4 5 6 7 8 9 -10
v -11 0
v 1 2 -3 4 5 6 7 8 9 -10
v 11 0
v 1 2 -3 4 5 6 7 8 9 10
v -11 0
v 1 2 -3 4 5 6 7 8 9 10
v 11 0
v 1 2 3 -4 -5 -6 -7 -8 -9 -10
v -11 0
v 1 2 3 -4 -5 -6 -7 -8 -9 -10
v 11 0
v 1 2 3 -4 -5 -6 -7 -8 -9 10
v -11 0
v 1 2 3 -4 -5 -6 -7 -8 -9 10
v 11 0
v 1 2 3 -4 -5 -6 -7 -8 9 -10
v -11 0
v 1 2 3 -4 -5 -6 -7 -8 9 -10
v 11 0
v 1 2 3 -4 -5 -6 -7 -8 9 10
v -11 0
v 1 2 3 -4 -5 -6 -7 -8 9 10
v 11 0
v 1 2 3 -4 -5 -6 -7 8 -9 -10
v -11 0
v 1 2 3 -4 -5 -6 -7 8 -9 -10
v 11 0
v 1 2 3 -4 -5 -6 -7 8 -9 10
v -11 0
v 1 2 3 -4 -5 -6 -7 8 -9 10
v 11 0
v 1 2 3 -4 -5 -6 -7 8 9 -10
v -11 0
v 1 2 3 -4 -5 -6 -7 8 9 -10
v 11 0
v 1 2 3 -4 -5 -6 -7 8 9 10
v -11 0
v 1 2 3 -4 -5 -6 -7 8 9 10
v 11 0
v 1 2 3 -4 -5 -6 7 -8 -9 -10
v -11 0
v 1 2 3 -4 -5 -6 7 -8 -9 -10
v 11 0
v 1 2 3 -4 -5 -6 7 -8 -9 10
v -11 0
v 1 2 3 -4 -5 -6 7 -8 -9 10
v 11 0
v 1 2 3 -4 -5 -6 7 -8 9 -10
v -11 0
v 1 2 3 -4 -5 -6 7 -8 9 -10
v 11 0
v 1 2 3 -4 -5 -6 7 -8 9 10
v -11 0
v 1 2 3 -4 -5 -6 7 -8 9 10
v 11 0
v 1 2 3 -4 -5 -6 7 8 -9 -10
v -11 0
v 1 2 3 -4 -5 -6 7 8 -9 -10
v 11 0
v 1 2 3 -4 -5 -6 7 8 -9 10
v -11 0
v 1 2 3 -4 -5 -6 7 8 -9 10
v 11 0
v 1 2 3 -4 -5 -6 7 8 9 -10
v -11 0
v 1 2 3 -4 -5 -6 7 8 9 -10
v 11 0
v 1 2 3 -4 -5 -6 7 8 9 10
v -11 0
v 1 2 3 -4 -5 -6 7 8 9 10
v 11 0
v 1 2 3 -4 -5 6 -7 -8 -9 -10
v -11 0
v 1 2 3 -4 -5 6 -7 -8 -9 -10
v 11 0
v 1 2 3 -4 -5 6 -7 -8 -9 10
v -11 0
v 1 2 3 -4 -5 6 -7 -8 -9 10
v 11 0
v 1 2 3 -4 -5 6 -7 -8 9 -10
v -11 0
v 1 2 3 -4 -5 6 -7 -8 9 -10
v 11 0
v 1 2 3 -4 -5 6 -7 -8 9 10
v -11 0
v 1 2 3 -4 -5 6 -7 -8 9 10
v 11 0
v 1 2 3 -4 -5 6 -7 8 -9 -10
v -11 0
v 1 2 3 -4 -5 6 -7 8 -9 -10
v 11 0
v 1 2 3 -4 -5 6 -7 8 -9 10
v -11 0
v 1 2 3 -4 -5 6 -7 8 -9 10
v 11 0
v 1 2 3 -4 -5 6 -7 8 9 -10
v -11 0
v 1 2 3 -4 -5 6 -7 8 9 -10
v 11 0
v 1 2 3 -4 -5 6 -7 8 9 10
v -11 0
v 1 2 3 -4 -5 6 -7 8 9 10
v 11 0
v 1 2 3 -4 -5 6 7 -8 -9 -10
v -11 0
v 1 2 3 -4 -5 6 7 -8 -9 -10
v 11 0
v 1 2 3 -4 -5 6 7 -8 -9 10
v -11 0
v 1 2 3 -4 -5 6 7 -8 -9 10
v 11 0
v 1 2 3 -4 -5 6 7 -8 9 -10
v -11 0
v 1 2 3 -4 -5 6 7 -8 9 -10
v 11 0
v 1 2 3 -4 -5 6 7 -8 9 10
v -11 0
v 1 2 3 -4 -5 6 7 -8 9 10
v 11 0
v 1 2 3 -4 -5 6 7 8 -9 -10
v -11 0
v 1 2 3 -4 -5 6 7 8 -9 -10
v 11 0
v 1 2 3 -4 -5 6 7 8 -9 10
v -11 0
v 1 2 3 -4 -5 6 7 8 -9 10
v 11 0
v 1 2 3 -4 -5 6 7 8 9 -10
v -11 0
v 1 2 3 -4 -5 6 7 8 9 -10
v 11 0
v 1 2 3 -4 -5 6 7 8 9 10
v -11 0
v 1 2 3 -4 -5 6 7 8 9 10
v 11 0
v 1 2 3 -4 5 -6 -7 -8 -9 -10
v -11 0
v 1 2 3 -4 5 -6 -7 -8 -9 -10
v 11 0
v 1 2 3 -4 5 -6 -7 -8 -9 10
v -11 0
v 1 2 3 -4 5 -6 -7 -8 -9 10
v 11 0
v 1 2 3 -4 5 -6 -7 -8 9 -10
v -11 0
v 1 2 3 -4 5 -6 -7 -8 9 -10
v 11 0
v 1 2 3 -4 5 -6 -7 -8 9 10
v -11 0
v 1 2 3 -4 5 -6 -7 -8 9 10
v 11 0
v 1 2 3 -4 5 -6 -7 8 -9 -10
v -11 0
v 1 2 3 -4 5 -6 -7 8 -9 -10
v 11 0
v 1 2 3 -4 5 -6 -7 8 -9 10
v -11 0
v 1 2 3 -4 5 -6 -7 8 -9 10
v 11 0
v 1 2 3 -4 5 -6 -7 8 9 -10
v -11 0
v 1 2 3 -4 5 -6 -7 8 9 -10
v 11 0
v 1 2 3 -4 5 -6 -7 8 9 10
v -11 0
v 1 2 3 -4 5 -6 -7 8 9 10
v 11 0
v 1 2 3 -4 5 -6 7 -8 -9 -10
v -11 0
v 1 2 3 -4 5 -6 7 -8 -9 -10
v 11 0
v 1 2 3 -4 5 -6 7 -8 -9 10
v -11 0
v 1 2 3 -4 5 -6 7 -8 -9 10
v 11 0
v 1 2 3 -4 5 -6 7 -8 9 -10
v -11 0
v 1 2 3 -4 5 -6 7 -8 9 -10
v 11 0
v 1 2 3 -4 5 -6 7 -8 9 10
v -11 0
v 1 2 3 -4 5 -6 7 -8 9 10
v 11 0
v 1 2 3 -4 5 -6 7 8 -9 -10
v -11 0
v 1 2 3 -4 5 -6 7 8 -9 -10
v 11 0
v 1 2 3 -4 5 -6 7 8 -9 10
v -11 0
v 1 2 3 -4 5 -6 7 8 -9 10
v 11 0
v 1 2 3 -4 5 -6 7 8 9 -10
v -11 0
v 1 2 3 -4 5 -6 7 8 9 -10
v 11 0
v 1 2 3 -4 5 -6 7 8 9 10
v -11 0
v 1 2 3 -4 5 -6 7 8 9 10
v 11 0
v 1 2 3 -4 5 6 -7 -8 -9 -10
v -11 0
v 1 2 3 -4 5 6 -7 -8 -9 -10
v 11 0
v 1 2 3 -4 5 6 -7 -8 -9 10
v -11 0
v 1 2 3 -4 5 6 -7 -8 -9 10
v 11 0
v 1 2 3 -4 5 6 -7 -8 9 -10
v -11 0
v 1 2 3 -4 5 6 -7 -8 9 -10
v 11 0
v 1 2 3 -4 5 6 -7 -8 9 10
v -11 0
v 1 2 3 -4 5 6 -7 -8 9 10
v 11 0
v 1 2 3 -4 5 6 -7 8 -9 -10
v -11 0
v 1 2 3 -4 5 6 -7 8 -9 -10
v 11 0
v 1 2 3 -4 5 6 -7 8 -9 10
v -11 0
v 1 2 3 -4 5 6 -7 8 -9 10
v 11 0
v 1 2 3 -4 5 6 -7 8 9 -10
v -11 0
v 1 2 3 -4 5 6 -7 8 9 -10
v 11 0
v 1 2 3 -4 5 6 -7 8 9 10
v -11 0
v 1 2 3 -4 5 6 -7 8 9 10
v 11 0
v 1 2 3 -4 5 6 7 -8 -9 -10
v -11 0
v 1 2 3 -4 5 6 7 -8 -9 -10
v 11 0
v 1 2 3 -4 5 6 7 -8 -9 10
v -11 0
v 1 2 3 -4 5 6 7 -8 -9 10
v 11 0
v 1 2 3 -4 5 6 7 -8 9 -10
v -11 0
v 1 2 3 -4 5 6 7 -8 9 -10
v 11 0
v 1 2 3 -4 5 6 7 -8 9 10
v -11 0
v 1 2 3 -4 5 6 7 -8 9 10
v 11 0
v 1 2 3 -4 5 6 7 8 -9 -10
v -11 0
v 1 2 3 -4 5 6 7 8 -9 -10
v 11 0
v 1 2 3 -4 5 6 7 8 -9 10
v -11 0
v 1 2 3 -4 5 6 7 8 -9 10
v 11 0
v 1 2 3 -4 5 6 7 8 9 -10
v -11 0
v 1 2 3 -4 5 6 7 8 9 -10
v 11 0
v 1 2 3 -4 5 6 7 8 9 10
v -11 0
v 1 2 3 -4 5 6 7 8 9 10
v 11 0
v 1 2 3 4 -5 -6 -7 -8 -9 -10
v -11 0
v 1 2 3 4 -5 -6 -7 -8 -9 -10
v 11 0
v 1 2 3 4 -5 -6 -7 -8 -9 10
v -11 0
v 1 2 3 4 -5 -6 -7 -8 -9 10
v 11 0
v 1 2 3 4 -5 -6 -7 -8 9 -10
v -11 0
v 1 2 3 4 -5 -6 -7 -8 9 -10
v 11 0
v 1 2 3 4 -5 -6 -7 -8 9 10
v -11 0
v 1 2 3 4 -5 -6 -7 -8 9 10
v 11 0
v 1 2 3 4 -5 -6 -7 8 -9 -10
v -11 0
v 1 2 3 4 -5 -6 -7 8 -9 -10
v 11 0
v 1 2 3 4 -5 -6 -7 8 -9 10
v -11 0
v 1 2 3 4 -5 -6 -7 8 -9 10
v 11 0
v 1 2 3 4 -5 -6 -7 8 9 -10
v -11 0
v 1 2 3 4 -5 -6 -7 8 9 -10
v 11 0
v 1 2 3 4 -5 -6 -7 8 9 10
v -11 0
v 1 2 3 4 -5 -6 -7 8 9 10
v 11 0
v 1 2 3 4 -5 -6 7 -8 -9 -10
v -11 0
v 1 2 3 4 -5 -6 7 -8 -9 -10
v 11 0
v 1 2 3 4 -5 -6 7 -8 -9 10
v -11 0
v 1 2 3 4 -5 -6 7 -8 -9 10
v 11 0
v 1 2 3 4 -5 -6 7 -8 9 -10
v -11 0
v 1 2 3 4 -5 -6 7 -8 9 -10
v 11 0
v 1 2 3 4 -5 -6 7 -8 9 10
v -11 0
v 1 2 3 4 -5 -6 7 -8 9 10
v 11 0
v 1 2 3 4 -5 -6 7 8 -9 -10
v -11 0
v 1 2 3 4 -5 -6 7 8 -9 -10
v 11 0
v 1 2 3 4 -5 -6 7 8 -9 10
v -11 0
v 1 2 3 4 -5 -6 7 8 -9 10
v 11 0
v 1 2 3 4 -5 -6 7 8 9 -10
v -11 0
v 1 2 3 4 -5 -6 7 8 9 -10
v 11 0
v 1 2 3 4 -5 -6 7 8 9 10
v -11 0
v 1 2 3 4 -5 -6 7 8 9 10
v 11 0
v 1 2 3 4 -5 6 -7 -8 -9 -10
v -11 0
v 1 2 3 4 -5 6 -7 -8 -9 -10
v 11 0
v 1 2 3 4 -5 6 -7 -8 -9 10
v -11 0
v 1 2 3 4 -5 6 -7 -8 -9 10
v 11 0
v 1 2 3 4 -5 6 -7 -8 9 -10
v -11 0
v 1 2 3 4 -5 6 -7 -8 9 -10
v 11 0
v 1 2 3 4 -5 6 -7 -8 9 10
v -11 0
v 1 2 3 4 -5 6 -7 -8 9 10
v 11 0
v 1 2 3 4 -5 6 -7 8 -9 -10
v -11 0
v 1 2 3 4 -5 6 -7 8 -9 -10
v 11 0
v 1 2 3 4 -5 6 -7 8 -9 10
v -11 0
v 1 2 3 4 -5 6 -7 8 -9 10
v 11 0
v 1 2 3 4 -5 6 -7 8 9 -10
v -11 0
v 1 2 3 4 -5 6 -7 8 9 -10
v 11 0
v 1 2 3 4 -5 6 -7 8 9 10
v -11 0
v 1 2 3 4 -5 6 -7 8 9 10
v 11 0
v 1 2 3 4 -5 6 7 -8 -9 -10
v -11 0
v 1 2 3 4 -5 6 7 -8 -9 -10
v 11 0
v 1 2 3 4 -5 6 7 -8 -9 10
v -11 0
v 1 2 3 4 -5 6 7 -8 -9 10
v 11 0
v 1 2 3 4 -5 6 7 -8 9 -10
v -11 0
v 1 2 3 4 -5 6 7 -8 9 -10
v 11 0
v 1 2 3 4 -5 6 7 -8 9 10
v -11 0
v 1 2 3 4 -5 6 7 -8 9 10
v 11 0
v 1 2 3 4 -5 6 7 8 -9 -10
v -11 0
v 1 2 3 4 -5 6 7 8 -9 -10
v 11 0
v 1 2 3 4 -5 6 7 8 -9 10
v -11 0
v 1 2 3 4 -5 6 7 8 -9 10
v 11 0
v 1 2 3 4 -5 6 7 8 9 -10
v -11 0
v 1 2 3 4 -5 6 7 8 9 -10
v 11 0
v 1 2 3 4 -5 6 7 8 9 10
v -11 0
v 1 2 3 4 -5 6 7 8 9 10
v 11 0
v 1 2 3 4 5 -6 -7 -8 -9 -10
v -11 0
v 1 2 3 4 5 -6 -7 -8 -9 -10
v 11 0
v 1 2 3 4 5 -6 -7 -8 -9 10
v -11 0
v 1 2 3 4 5 -6 -7 -8 -9 10
v 11 0
v 1 2 3 4 5 -6 -7 -8 9 -10
v -11 0
v 1 2 3 4 5 -6 -7 -8 9 -10
v 11 0
v 1 2 3 4 5 -6 -7 -8 9 10
v -11 0
v 1 2 3 4 5 -6 -7 -8 9 10
v 11 0
v 1 2 3 4 5 -6 -7 8 -9 -10
v -11 0
v 1 2 3 4 5 -6 -7 8 -9 -10
v 11 0
v 1 2 3 4 5 -6 -7 8 -9 10
v -11 0
v 1 2 3 4 5 -6 -7 8 -9 10
v 11 0
v 1 2 3 4 5 -6 -7 8 9 -10
v -11 0
v 1 2 3 4 5 -6 -7 8 9 -10
v 11 0
v 1 2 3 4 5 -6 -7 8 9 10
v -11 0
v 1 2 3 4 5 -6 -7 8 9 10
v 11 0
v 1 2 3 4 5 -6 7 -8 -9 -10
v -11 0
v 1 2 3 4 5 -6 7 -8 -9 -10
v 11 0
v 1 2 3 4 5 -6 7 -8 -9 10
v -11 0
v 1 2 3 4 5 -6 7 -8 -9 10
v 11 0
v 1 2 3 4 5 -6 7 -8 9 -10
v -11 0
v 1 2 3 4 5 -6 7 -8 9 -10
v 11 0
v 1 2 3 4 5 -6 7 -8 9 10
v -11 0
v 1 2 3 4 5 -6 7 -8 9 10
v 11 0
v 1 2 3 4 5 -6 7 8 -9 -10
v -11 0
v 1 2 3 4 5 -6 7 8 -9 -10
v 11 0
v 1 2 3 4 5 -6 7 8 -9 10
v -11 0
v 1 2 3 4 5 -6 7 8 -9 10
v 11 0
v 1 2 3 4 5 -6 7 8 9 -10
v -11 0
v 1 2 3 4 5 -6 7 8 9 -10
v 11 0
v 1 2 3 4 5 -6 7 8 9 10
v -11 0
v 1 2 3 4 5 -6 7 8 9 10
v 11 0
v 1 2 3 4 5 6 -7 -8 -9 -10
v -11 0
v 1 2 3 4 5 6 -7 -8 -9 -10
v 11 0
v 1 2 3 4 5 6 -7 -8 -9 10
v -11 0
v 1 2 3 4 5 6 -7 -8 -9 10
v 11 0
v 1 2 3 4 5 6 -7 -8 9 -10
v -11 0
v 1 2 3 4 5 6 -7 -8 9 -10
v 11 0
v 1 2 3 4 5 6 -7 -8 9 10
v -11 0
v 1 2 3 4 5 6 -7 -8 9 10
v 11 0
v 1 2 3 4 5 6 -7 8 -9 -10
v -11 0
v 1 2 3 4 5 6 -7 8 -9 -10
v 11 0
v 1 2 3 4 5 6 -7 8 -9 10
v -11 0
v 1 2 3 4 5 6 -7 8 -9 10
v 11 0
v 1 2 3 4 5 6 -7 8 9 -10
v -11 0
v 1 2 3 4 5 6 -7 8 9 -10
v 11 0
v 1 2 3 4 5 6 -7 8 9 10
v -11 0
v 1 2 3 4 5 6 -7 8 9 10
v 11 0
v 1 2 3 4 5 6 7 -8 -9 -10
v -11 0
v 1 2 3 4 5 6 7 -8 -9 -10
v 11 0
v 1 2 3 4 5 6 7 -8 -9 10
v -11 0
v 1 2 3 4 5 6 7 -8 -9 10
v 11 0
v 1 2 3 4 5 6 7 -8 9 -10
v -11 0
v 1 2 3 4 5 6 7 -8 9 -10
v 11 0
v 1 2 3 4 5 6 7 -8 9 10
v -11 0
v 1 2 3 4 5 6 7 -8 9 10
v 11 0
v 1 2 3 4 5 6 7 8 -9 -10
v -11 0
v 1 2 3 4 5 6 7 8 -9 -10
v 11 0
v 1 2 3 4 5 6 7 8 -9 10
v -11 0
v 1 2 3 4 5 6 7 8 -9 10
v 11 0
v 1 2 3 4 5 6 7 8 9 -10
v -11 0
v 1 2 3 4 5 6 7 8 9 -10
v 11 0
v 1 2 3 4 5 6 7 8 9 10
v -11 0
v 1 2 3 4 5 6 7 8 9 10
v 11 0
s SATISFIABLE
