1 3 6 8 10 12 14 16 18 20 23 
1 3 6 8 10 12 14 16 18 20 22 23 
1 3 6 8 10 12 14 16 18 20 21 23 
1 3 6 8 10 12 14 16 18 20 21 22 23 
1 3 6 8 10 12 14 16 18 19 23 
1 3 6 8 10 12 14 16 18 19 22 23 
1 3 6 8 10 12 14 16 18 19 21 23 
1 3 6 8 10 12 14 16 18 19 21 22 23 
1 3 6 7 10 12 14 16 18 20 23 
1 3 6 7 10 12 14 16 18 20 22 23 
1 3 6 7 10 12 14 16 18 20 21 23 
1 3 6 7 10 12 14 16 18 20 21 22 23 
1 3 6 7 10 12 14 16 18 19 23 
1 3 6 7 10 12 14 16 18 19 22 23 
1 3 6 7 10 12 14 16 18 19 21 23 
1 3 6 7 10 12 14 16 18 19 21 22 23 
1 3 5 8 10 12 14 16 18 20 23 
1 3 5 8 10 12 14 16 18 20 22 23 
1 3 5 8 10 12 14 16 18 20 21 23 
1 3 5 8 10 12 14 16 18 20 21 22 23 
1 3 5 8 10 12 14 16 18 19 23 
1 3 5 8 10 12 14 16 18 19 22 23 
1 3 5 8 10 12 14 16 18 19 21 23 
1 3 5 8 10 12 14 16 18 19 21 22 23 
1 3 5 7 10 12 14 16 18 20 23 
1 3 5 7 10 12 14 16 18 20 22 23 
1 3 5 7 10 12 14 16 18 20 21 23 
1 3 5 7 10 12 14 16 18 20 21 22 23 
1 3 5 7 10 12 14 16 18 19 23 
1 3 5 7 10 12 14 16 18 19 22 23 
1 3 5 7 10 12 14 16 18 19 21 23 
1 3 5 7 10 12 14 16 18 19 21 22 23 
1 3 6 8 10 12 14 16 17 20 23 
1 3 6 8 10 12 14 16 17 19 23 
1 3 6 7 10 12 14 16 17 20 23 
1 3 6 7 10 12 14 16 17 19 23 
1 3 5 8 10 12 14 16 17 20 23 
1 3 5 8 10 12 14 16 17 19 23 
1 3 5 7 10 12 14 16 17 20 23 
1 3 5 7 10 12 14 16 17 19 23 
2 4 6 8 10 12 14 16 18 20 23 
2 4 6 8 10 12 14 16 18 20 22 23 
2 4 6 8 10 12 14 16 18 20 21 23 
2 4 6 8 10 12 14 16 18 20 21 22 23 
2 4 6 8 10 12 14 16 18 19 23 
2 4 6 8 10 12 14 16 18 19 22 23 
2 4 6 8 10 12 14 16 18 19 21 23 
2 4 6 8 10 12 14 16 18 19 21 22 23 
2 4 6 7 10 12 14 16 18 20 23 
2 4 6 7 10 12 14 16 18 20 22 23 
2 4 6 7 10 12 14 16 18 20 21 23 
2 4 6 7 10 12 14 16 18 20 21 22 23 
2 4 6 7 10 12 14 16 18 19 23 
2 4 6 7 10 12 14 16 18 19 22 23 
2 4 6 7 10 12 14 16 18 19 21 23 
2 4 6 7 10 12 14 16 18 19 21 22 23 
2 4 5 8 10 12 14 16 18 20 23 
2 4 5 8 10 12 14 16 18 20 22 23 
2 4 5 8 10 12 14 16 18 20 21 23 
2 4 5 8 10 12 14 16 18 20 21 22 23 
2 4 5 8 10 12 14 16 18 19 23 
2 4 5 8 10 12 14 16 18 19 22 23 
2 4 5 8 10 12 14 16 18 19 21 23 
2 4 5 8 10 12 14 16 18 19 21 22 23 
2 4 5 7 10 12 14 16 18 20 23 
2 4 5 7 10 12 14 16 18 20 22 23 
2 4 5 7 10 12 14 16 18 20 21 23 
2 4 5 7 10 12 14 16 18 20 21 22 23 
2 4 5 7 10 12 14 16 18 19 23 
2 4 5 7 10 12 14 16 18 19 22 23 
2 4 5 7 10 12 14 16 18 19 21 23 
2 4 5 7 10 12 14 16 18 19 21 22 23 
2 4 6 8 10 12 14 16 17 20 23 
2 4 6 8 10 12 14 16 17 19 23 
2 4 6 7 10 12 14 16 17 20 23 
2 4 6 7 10 12 14 16 17 19 23 
2 4 5 8 10 12 14 16 17 20 23 
2 4 5 8 10 12 14 16 17 19 23 
2 4 5 7 10 12 14 16 17 20 23 
2 4 5 7 10 12 14 16 17 19 23 
1 3 6 8 9 11 13 15 16 18 20 
1 3 6 8 9 11 13 15 16 18 20 22 
1 3 6 8 9 11 13 15 16 18 20 21 
1 3 6 8 9 11 13 15 16 18 20 21 22 
1 3 6 8 9 11 13 15 16 18 19 
1 3 6 8 9 11 13 15 16 18 19 22 
1 3 6 8 9 11 13 15 16 18 19 21 
1 3 6 8 9 11 13 15 16 18 19 21 22 
1 3 6 7 9 11 13 15 16 18 20 
1 3 6 7 9 11 13 15 16 18 20 22 
1 3 6 7 9 11 13 15 16 18 20 21 
1 3 6 7 9 11 13 15 16 18 20 21 22 
1 3 6 7 9 11 13 15 16 18 19 
1 3 6 7 9 11 13 15 16 18 19 22 
1 3 6 7 9 11 13 15 16 18 19 21 
1 3 6 7 9 11 13 15 16 18 19 21 22 
1 3 5 8 9 11 13 15 16 18 20 
1 3 5 8 9 11 13 15 16 18 20 22 
1 3 5 8 9 11 13 15 16 18 20 21 
1 3 5 8 9 11 13 15 16 18 20 21 22 
1 3 5 8 9 11 13 15 16 18 19 
1 3 5 8 9 11 13 15 16 18 19 22 
1 3 5 8 9 11 13 15 16 18 19 21 
1 3 5 8 9 11 13 15 16 18 19 21 22 
1 3 5 7 9 11 13 15 16 18 20 
1 3 5 7 9 11 13 15 16 18 20 22 
1 3 5 7 9 11 13 15 16 18 20 21 
1 3 5 7 9 11 13 15 16 18 20 21 22 
1 3 5 7 9 11 13 15 16 18 19 
1 3 5 7 9 11 13 15 16 18 19 22 
1 3 5 7 9 11 13 15 16 18 19 21 
1 3 5 7 9 11 13 15 16 18 19 21 22 
1 3 6 8 9 11 13 15 16 17 20 
1 3 6 8 9 11 13 15 16 17 19 
1 3 6 7 9 11 13 15 16 17 20 
1 3 6 7 9 11 13 15 16 17 19 
1 3 5 8 9 11 13 15 16 17 20 
1 3 5 8 9 11 13 15 16 17 19 
1 3 5 7 9 11 13 15 16 17 20 
1 3 5 7 9 11 13 15 16 17 19 
2 4 6 8 9 11 13 15 16 18 20 
2 4 6 8 9 11 13 15 16 18 20 22 
2 4 6 8 9 11 13 15 16 18 20 21 
2 4 6 8 9 11 13 15 16 18 20 21 22 
2 4 6 8 9 11 13 15 16 18 19 
2 4 6 8 9 11 13 15 16 18 19 22 
2 4 6 8 9 11 13 15 16 18 19 21 
2 4 6 8 9 11 13 15 16 18 19 21 22 
2 4 6 7 9 11 13 15 16 18 20 
2 4 6 7 9 11 13 15 16 18 20 22 
2 4 6 7 9 11 13 15 16 18 20 21 
2 4 6 7 9 11 13 15 16 18 20 21 22 
2 4 6 7 9 11 13 15 16 18 19 
2 4 6 7 9 11 13 15 16 18 19 22 
2 4 6 7 9 11 13 15 16 18 19 21 
2 4 6 7 9 11 13 15 16 18 19 21 22 
2 4 5 8 9 11 13 15 16 18 20 
2 4 5 8 9 11 13 15 16 18 20 22 
2 4 5 8 9 11 13 15 16 18 20 21 
2 4 5 8 9 11 13 15 16 18 20 21 22 
2 4 5 8 9 11 13 15 16 18 19 
2 4 5 8 9 11 13 15 16 18 19 22 
2 4 5 8 9 11 13 15 16 18 19 21 
2 4 5 8 9 11 13 15 16 18 19 21 22 
2 4 5 7 9 11 13 15 16 18 20 
2 4 5 7 9 11 13 15 16 18 20 22 
2 4 5 7 9 11 13 15 16 18 20 21 
2 4 5 7 9 11 13 15 16 18 20 21 22 
2 4 5 7 9 11 13 15 16 18 19 
2 4 5 7 9 11 13 15 16 18 19 22 
2 4 5 7 9 11 13 15 16 18 19 21 
2 4 5 7 9 11 13 15 16 18 19 21 22 
2 4 6 8 9 11 13 15 16 17 20 
2 4 6 8 9 11 13 15 16 17 19 
2 4 6 7 9 11 13 15 16 17 20 
2 4 6 7 9 11 13 15 16 17 19 
2 4 5 8 9 11 13 15 16 17 20 
2 4 5 8 9 11 13 15 16 17 19 
2 4 5 7 9 11 13 15 16 17 20 
2 4 5 7 9 11 13 15 16 17 19 
1 3 6 8 9 11 13 15 17 20 21 
1 3 6 8 9 11 13 15 17 20 21 23 
1 3 6 8 9 11 13 15 17 19 21 
1 3 6 8 9 11 13 15 17 19 21 23 
1 3 6 7 9 11 13 15 17 20 21 
1 3 6 7 9 11 13 15 17 20 21 23 
1 3 6 7 9 11 13 15 17 19 21 
1 3 6 7 9 11 13 15 17 19 21 23 
1 3 5 8 9 11 13 15 17 20 21 
1 3 5 8 9 11 13 15 17 20 21 23 
1 3 5 8 9 11 13 15 17 19 21 
1 3 5 8 9 11 13 15 17 19 21 23 
1 3 5 7 9 11 13 15 17 20 21 
1 3 5 7 9 11 13 15 17 20 21 23 
1 3 5 7 9 11 13 15 17 19 21 
1 3 5 7 9 11 13 15 17 19 21 23 
2 4 6 8 9 11 13 15 17 20 21 
2 4 6 8 9 11 13 15 17 20 21 23 
2 4 6 8 9 11 13 15 17 19 21 
2 4 6 8 9 11 13 15 17 19 21 23 
2 4 6 7 9 11 13 15 17 20 21 
2 4 6 7 9 11 13 15 17 20 21 23 
2 4 6 7 9 11 13 15 17 19 21 
2 4 6 7 9 11 13 15 17 19 21 23 
2 4 5 8 9 11 13 15 17 20 21 
2 4 5 8 9 11 13 15 17 20 21 23 
2 4 5 8 9 11 13 15 17 19 21 
2 4 5 8 9 11 13 15 17 19 21 23 
2 4 5 7 9 11 13 15 17 20 21 
2 4 5 7 9 11 13 15 17 20 21 23 
2 4 5 7 9 11 13 15 17 19 21 
2 4 5 7 9 11 13 15 17 19 21 23 
c   All solutions found. Number of solutions = 192
