digraph G {
graph [name = "18446744073709551615 67 1665 331 5 7 647 515 129 1141 523 257 653 515 1097 399 3 129 57 1057 5 173 1541 25 803 277 67 597 9 5 193 "] 
0 [hostname="localhost", port="5001", sigma="(a1 1 1 1),(b1 1 2 2),(c1 1 3 3),(d1 1 4 4),(e1 1 5 5),(f1 1 6 6),(g1 1 7 7),(h1 1 8 8),(i1 1 9 9),(j1 1 10 10)"];
1 [hostname="localhost", port="5002", sigma="(a2 2 1 1),(b2 2 2 2),(c2 2 3 3),(d2 2 4 4),(e2 2 5 5),(f2 2 6 6),(g2 2 7 7),(h2 2 8 8),(i2 2 9 9),(j2 2 10 10)"];
2 [hostname="localhost", port="5003", sigma="(a3 3 1 1),(b3 3 2 2),(c3 3 3 3),(d3 3 4 4),(e3 3 5 5),(f3 3 6 6),(g3 3 7 7),(h3 3 8 8),(i3 3 9 9),(j3 3 10 10)"];
3 [hostname="localhost", port="5004", sigma="(a4 4 1 1),(b4 4 2 2),(c4 4 3 3),(d4 4 4 4),(e4 4 5 5),(f4 4 6 6),(g4 4 7 7),(h4 4 8 8),(i4 4 9 9),(j4 4 10 10)"];
4 [hostname="localhost", port="5005", sigma="(a5 5 1 1),(b5 5 2 2),(c5 5 3 3),(d5 5 4 4),(e5 5 5 5),(f5 5 6 6),(g5 5 7 7),(h5 5 8 8),(i5 5 9 9),(j5 5 10 10)"];
5 [hostname="localhost", port="5006", sigma="(a6 6 1 1),(b6 6 2 2),(c6 6 3 3),(d6 6 4 4),(e6 6 5 5),(f6 6 6 6),(g6 6 7 7),(h6 6 8 8),(i6 6 9 9),(j6 6 10 10)"];
6 [hostname="localhost", port="5007", sigma="(a7 7 1 1),(b7 7 2 2),(c7 7 3 3),(d7 7 4 4),(e7 7 5 5),(f7 7 6 6),(g7 7 7 7),(h7 7 8 8),(i7 7 9 9),(j7 7 10 10)"];
7 [hostname="localhost", port="5008", sigma="(a8 8 1 1),(b8 8 2 2),(c8 8 3 3),(d8 8 4 4),(e8 8 5 5),(f8 8 6 6),(g8 8 7 7),(h8 8 8 8),(i8 8 9 9),(j8 8 10 10)"];
8 [hostname="localhost", port="5009", sigma="(a9 9 1 1),(b9 9 2 2),(c9 9 3 3),(d9 9 4 4),(e9 9 5 5),(f9 9 6 6),(g9 9 7 7),(h9 9 8 8),(i9 9 9 9),(j9 9 10 10)"];
9 [hostname="localhost", port="5010", sigma="(a10 10 1 1),(b10 10 2 2),(c10 10 3 3),(d10 10 4 4),(e10 10 5 5),(f10 10 6 6),(g10 10 7 7),(h10 10 8 8),(i10 10 9 9),(j10 10 10 10)"];
10 [hostname="localhost", port="5011", sigma="(a11 11 1 1),(b11 11 2 2),(c11 11 3 3),(d11 11 4 4),(e11 11 5 5),(f11 11 6 6),(g11 11 7 7),(h11 11 8 8),(i11 11 9 9),(j11 11 10 10)"];
11 [hostname="localhost", port="5012", sigma="(a12 12 1 1),(b12 12 2 2),(c12 12 3 3),(d12 12 4 4),(e12 12 5 5),(f12 12 6 6),(g12 12 7 7),(h12 12 8 8),(i12 12 9 9),(j12 12 10 10)"];
12 [hostname="localhost", port="5013", sigma="(a13 13 1 1),(b13 13 2 2),(c13 13 3 3),(d13 13 4 4),(e13 13 5 5),(f13 13 6 6),(g13 13 7 7),(h13 13 8 8),(i13 13 9 9),(j13 13 10 10)"];
13 [hostname="localhost", port="5014", sigma="(a14 14 1 1),(b14 14 2 2),(c14 14 3 3),(d14 14 4 4),(e14 14 5 5),(f14 14 6 6),(g14 14 7 7),(h14 14 8 8),(i14 14 9 9),(j14 14 10 10)"];
14 [hostname="localhost", port="5015", sigma="(a15 15 1 1),(b15 15 2 2),(c15 15 3 3),(d15 15 4 4),(e15 15 5 5),(f15 15 6 6),(g15 15 7 7),(h15 15 8 8),(i15 15 9 9),(j15 15 10 10)"];
15 [hostname="localhost", port="5016", sigma="(a16 16 1 1),(b16 16 2 2),(c16 16 3 3),(d16 16 4 4),(e16 16 5 5),(f16 16 6 6),(g16 16 7 7),(h16 16 8 8),(i16 16 9 9),(j16 16 10 10)"];
16 [hostname="localhost", port="5017", sigma="(a17 17 1 1),(b17 17 2 2),(c17 17 3 3),(d17 17 4 4),(e17 17 5 5),(f17 17 6 6),(g17 17 7 7),(h17 17 8 8),(i17 17 9 9),(j17 17 10 10)"];
17 [hostname="localhost", port="5018", sigma="(a18 18 1 1),(b18 18 2 2),(c18 18 3 3),(d18 18 4 4),(e18 18 5 5),(f18 18 6 6),(g18 18 7 7),(h18 18 8 8),(i18 18 9 9),(j18 18 10 10)"];
18 [hostname="localhost", port="5019", sigma="(a19 19 1 1),(b19 19 2 2),(c19 19 3 3),(d19 19 4 4),(e19 19 5 5),(f19 19 6 6),(g19 19 7 7),(h19 19 8 8),(i19 19 9 9),(j19 19 10 10)"];
19 [hostname="localhost", port="5020", sigma="(a20 20 1 1),(b20 20 2 2),(c20 20 3 3),(d20 20 4 4),(e20 20 5 5),(f20 20 6 6),(g20 20 7 7),(h20 20 8 8),(i20 20 9 9),(j20 20 10 10)"];
20 [hostname="localhost", port="5021", sigma="(a21 21 1 1),(b21 21 2 2),(c21 21 3 3),(d21 21 4 4),(e21 21 5 5),(f21 21 6 6),(g21 21 7 7),(h21 21 8 8),(i21 21 9 9),(j21 21 10 10)"];
21 [hostname="localhost", port="5022", sigma="(a22 22 1 1),(b22 22 2 2),(c22 22 3 3),(d22 22 4 4),(e22 22 5 5),(f22 22 6 6),(g22 22 7 7),(h22 22 8 8),(i22 22 9 9),(j22 22 10 10)"];
22 [hostname="localhost", port="5023", sigma="(a23 23 1 1),(b23 23 2 2),(c23 23 3 3),(d23 23 4 4),(e23 23 5 5),(f23 23 6 6),(g23 23 7 7),(h23 23 8 8),(i23 23 9 9),(j23 23 10 10)"];
23 [hostname="localhost", port="5024", sigma="(a24 24 1 1),(b24 24 2 2),(c24 24 3 3),(d24 24 4 4),(e24 24 5 5),(f24 24 6 6),(g24 24 7 7),(h24 24 8 8),(i24 24 9 9),(j24 24 10 10)"];
24 [hostname="localhost", port="5025", sigma="(a25 25 1 1),(b25 25 2 2),(c25 25 3 3),(d25 25 4 4),(e25 25 5 5),(f25 25 6 6),(g25 25 7 7),(h25 25 8 8),(i25 25 9 9),(j25 25 10 10)"];
25 [hostname="localhost", port="5026", sigma="(a26 26 1 1),(b26 26 2 2),(c26 26 3 3),(d26 26 4 4),(e26 26 5 5),(f26 26 6 6),(g26 26 7 7),(h26 26 8 8),(i26 26 9 9),(j26 26 10 10)"];
26 [hostname="localhost", port="5027", sigma="(a27 27 1 1),(b27 27 2 2),(c27 27 3 3),(d27 27 4 4),(e27 27 5 5),(f27 27 6 6),(g27 27 7 7),(h27 27 8 8),(i27 27 9 9),(j27 27 10 10)"];
27 [hostname="localhost", port="5028", sigma="(a28 28 1 1),(b28 28 2 2),(c28 28 3 3),(d28 28 4 4),(e28 28 5 5),(f28 28 6 6),(g28 28 7 7),(h28 28 8 8),(i28 28 9 9),(j28 28 10 10)"];
28 [hostname="localhost", port="5029", sigma="(a29 29 1 1),(b29 29 2 2),(c29 29 3 3),(d29 29 4 4),(e29 29 5 5),(f29 29 6 6),(g29 29 7 7),(h29 29 8 8),(i29 29 9 9),(j29 29 10 10)"];
29 [hostname="localhost", port="5030", sigma="(a30 30 1 1),(b30 30 2 2),(c30 30 3 3),(d30 30 4 4),(e30 30 5 5),(f30 30 6 6),(g30 30 7 7),(h30 30 8 8),(i30 30 9 9),(j30 30 10 10)"];
30 [hostname="localhost", port="5031", sigma="(a31 31 1 1),(b31 31 2 2),(c31 31 3 3),(d31 31 4 4),(e31 31 5 5),(f31 31 6 6),(g31 31 7 7),(h31 31 8 8),(i31 31 9 9),(j31 31 10 10)"];
0->1 [interface="0 67 0 0 0 0 0 0 0 0 0 0 0 0 0 0 0 0 0 0 0 0 0 0 0 0 0 0 0 0 0 "];
0->2 [interface="0 0 1665 0 0 0 0 0 0 0 0 0 0 0 0 0 0 0 0 0 0 0 0 0 0 0 0 0 0 0 0 "];
1->3 [interface="0 0 0 267 0 0 0 0 0 0 0 0 0 0 0 0 0 0 0 0 0 0 0 0 0 0 0 0 0 0 0 "];
2->3 [interface="0 0 0 321 0 0 0 0 0 0 0 0 0 0 0 0 0 0 0 0 0 0 0 0 0 0 0 0 0 0 0 "];
3->4 [interface="0 0 0 0 5 0 0 0 0 0 0 0 0 0 0 0 0 0 0 0 0 0 0 0 0 0 0 0 0 0 0 "];
3->5 [interface="0 0 0 0 0 7 0 0 0 0 0 0 0 0 0 0 0 0 0 0 0 0 0 0 0 0 0 0 0 0 0 "];
4->6 [interface="0 0 0 0 0 0 643 0 0 0 0 0 0 0 0 0 0 0 0 0 0 0 0 0 0 0 0 0 0 0 0 "];
5->6 [interface="0 0 0 0 0 0 647 0 0 0 0 0 0 0 0 0 0 0 0 0 0 0 0 0 0 0 0 0 0 0 0 "];
6->7 [interface="0 0 0 0 0 0 0 515 0 0 0 0 0 0 0 0 0 0 0 0 0 0 0 0 0 0 0 0 0 0 0 "];
6->8 [interface="0 0 0 0 0 0 0 0 129 0 0 0 0 0 0 0 0 0 0 0 0 0 0 0 0 0 0 0 0 0 0 "];
7->9 [interface="0 0 0 0 0 0 0 0 0 1029 0 0 0 0 0 0 0 0 0 0 0 0 0 0 0 0 0 0 0 0 0 "];
8->9 [interface="0 0 0 0 0 0 0 0 0 113 0 0 0 0 0 0 0 0 0 0 0 0 0 0 0 0 0 0 0 0 0 "];
9->10 [interface="0 0 0 0 0 0 0 0 0 0 523 0 0 0 0 0 0 0 0 0 0 0 0 0 0 0 0 0 0 0 0 "];
9->11 [interface="0 0 0 0 0 0 0 0 0 0 0 257 0 0 0 0 0 0 0 0 0 0 0 0 0 0 0 0 0 0 0 "];
10->12 [interface="0 0 0 0 0 0 0 0 0 0 0 0 521 0 0 0 0 0 0 0 0 0 0 0 0 0 0 0 0 0 0 "];
11->12 [interface="0 0 0 0 0 0 0 0 0 0 0 0 141 0 0 0 0 0 0 0 0 0 0 0 0 0 0 0 0 0 0 "];
12->13 [interface="0 0 0 0 0 0 0 0 0 0 0 0 0 515 0 0 0 0 0 0 0 0 0 0 0 0 0 0 0 0 0 "];
12->14 [interface="0 0 0 0 0 0 0 0 0 0 0 0 0 0 1097 0 0 0 0 0 0 0 0 0 0 0 0 0 0 0 0 "];
13->15 [interface="0 0 0 0 0 0 0 0 0 0 0 0 0 0 0 129 0 0 0 0 0 0 0 0 0 0 0 0 0 0 0 "];
14->15 [interface="0 0 0 0 0 0 0 0 0 0 0 0 0 0 0 271 0 0 0 0 0 0 0 0 0 0 0 0 0 0 0 "];
15->16 [interface="0 0 0 0 0 0 0 0 0 0 0 0 0 0 0 0 3 0 0 0 0 0 0 0 0 0 0 0 0 0 0 "];
15->17 [interface="0 0 0 0 0 0 0 0 0 0 0 0 0 0 0 0 0 129 0 0 0 0 0 0 0 0 0 0 0 0 0 "];
16->18 [interface="0 0 0 0 0 0 0 0 0 0 0 0 0 0 0 0 0 0 41 0 0 0 0 0 0 0 0 0 0 0 0 "];
17->18 [interface="0 0 0 0 0 0 0 0 0 0 0 0 0 0 0 0 0 0 17 0 0 0 0 0 0 0 0 0 0 0 0 "];
18->19 [interface="0 0 0 0 0 0 0 0 0 0 0 0 0 0 0 0 0 0 0 1057 0 0 0 0 0 0 0 0 0 0 0 "];
18->20 [interface="0 0 0 0 0 0 0 0 0 0 0 0 0 0 0 0 0 0 0 0 5 0 0 0 0 0 0 0 0 0 0 "];
19->21 [interface="0 0 0 0 0 0 0 0 0 0 0 0 0 0 0 0 0 0 0 0 0 5 0 0 0 0 0 0 0 0 0 "];
20->21 [interface="0 0 0 0 0 0 0 0 0 0 0 0 0 0 0 0 0 0 0 0 0 169 0 0 0 0 0 0 0 0 0 "];
21->22 [interface="0 0 0 0 0 0 0 0 0 0 0 0 0 0 0 0 0 0 0 0 0 0 1541 0 0 0 0 0 0 0 0 "];
21->23 [interface="0 0 0 0 0 0 0 0 0 0 0 0 0 0 0 0 0 0 0 0 0 0 0 25 0 0 0 0 0 0 0 "];
22->24 [interface="0 0 0 0 0 0 0 0 0 0 0 0 0 0 0 0 0 0 0 0 0 0 0 0 291 0 0 0 0 0 0 "];
23->24 [interface="0 0 0 0 0 0 0 0 0 0 0 0 0 0 0 0 0 0 0 0 0 0 0 0 547 0 0 0 0 0 0 "];
24->25 [interface="0 0 0 0 0 0 0 0 0 0 0 0 0 0 0 0 0 0 0 0 0 0 0 0 0 277 0 0 0 0 0 "];
24->26 [interface="0 0 0 0 0 0 0 0 0 0 0 0 0 0 0 0 0 0 0 0 0 0 0 0 0 0 67 0 0 0 0 "];
25->27 [interface="0 0 0 0 0 0 0 0 0 0 0 0 0 0 0 0 0 0 0 0 0 0 0 0 0 0 0 85 0 0 0 "];
26->27 [interface="0 0 0 0 0 0 0 0 0 0 0 0 0 0 0 0 0 0 0 0 0 0 0 0 0 0 0 593 0 0 0 "];
27->28 [interface="0 0 0 0 0 0 0 0 0 0 0 0 0 0 0 0 0 0 0 0 0 0 0 0 0 0 0 0 9 0 0 "];
27->29 [interface="0 0 0 0 0 0 0 0 0 0 0 0 0 0 0 0 0 0 0 0 0 0 0 0 0 0 0 0 0 5 0 "];
28->30 [interface="0 0 0 0 0 0 0 0 0 0 0 0 0 0 0 0 0 0 0 0 0 0 0 0 0 0 0 0 0 0 129 "];
29->30 [interface="0 0 0 0 0 0 0 0 0 0 0 0 0 0 0 0 0 0 0 0 0 0 0 0 0 0 0 0 0 0 65 "];
}
